0.999993 -0.00335247 -0.00145896 0.683856 0.00334871 0.999991 -0.00257563 -0.00131601 0.00146758 0.00257073 0.999996 0.0106979
0.999982 -0.00541099 -0.00263391 1.54194 0.00540562 0.999983 -0.00207024 0.0452583 0.00264507 0.00205596 0.999994 0.0333809
0.999965 -0.00746851 -0.00381082 2.40002 0.00746262 0.999971 -0.00156976 0.0918298 0.00382243 0.00154126 0.999992 0.0560623
0.999942 -0.00952447 -0.00498942 3.25789 0.00951928 0.999954 -0.0010743 0.138389 0.00499942 0.00102674 0.999987 0.0787371
0.999914 -0.0115797 -0.00617025 4.11598 0.0115765 0.999933 -0.000583652 0.184957 0.00617659 0.000512173 0.999981 0.101416
0.99988 -0.0136338 -0.00735294 4.97402 0.0136335 0.999907 -9.79565e-05 0.231521 0.00735359 -2.30782e-06 0.999973 0.124092
0.99984 -0.0156863 -0.00853729 5.83188 0.0156902 0.999877 0.000382712 0.278072 0.00853023 -0.000516599 0.999964 0.146762
0.999745 -0.0197884 -0.0109119 7.5478 0.0198041 0.999803 0.00132933 0.37118 0.0108835 -0.0015451 0.99994 0.192104
0.999688 -0.0218383 -0.0121024 8.40604 0.0218617 0.99976 0.00179538 0.417747 0.0120603 -0.0020594 0.999925 0.21478
0.999626 -0.0238866 -0.0132945 9.26409 0.0239188 0.999712 0.00225635 0.464301 0.0132368 -0.0025735 0.999909 0.23745
0.999559 -0.0259333 -0.0144881 10.1219 0.0259752 0.999659 0.00271225 0.510839 0.0144128 -0.00308739 0.999891 0.260112
0.999485 -0.0279791 -0.0156837 10.9799 0.0280321 0.999602 0.00316329 0.557388 0.015589 -0.00360131 0.999872 0.282778
0.999407 -0.0300238 -0.0168812 11.8379 0.0300888 0.999541 0.00360934 0.603932 0.016765 -0.00411514 0.999851 0.305442
0.999346 -0.0319396 -0.016966 12.693 0.031986 0.999485 0.00246334 0.64949 0.0168786 -0.00300441 0.999853 0.326924
0.999233 -0.0341026 -0.0192277 13.5534 0.0341933 0.999406 0.00441098 0.696947 0.0190659 -0.00506506 0.999805 0.3507
0.999121 -0.0357337 -0.0219048 14.4217 0.035856 0.999344 0.00521857 0.745948 0.021704 -0.0059994 0.999747 0.374557
0.999005 -0.0376357 -0.0239458 15.3005 0.0378551 0.999245 0.00877211 0.801084 0.0235976 -0.00966985 0.999675 0.399948
0.998955 -0.0390084 -0.0238387 16.1897 0.0392584 0.999178 0.010105 0.853828 0.0234249 -0.0110303 0.999665 0.425476
0.998928 -0.040625 -0.022196 17.0879 0.0408524 0.999116 0.00988694 0.907292 0.0217747 -0.0107831 0.999705 0.452286
0.998895 -0.0421496 -0.0207696 17.9926 0.0423661 0.999051 0.0100937 0.957896 0.0203245 -0.0109625 0.999733 0.477953
0.998855 -0.0433506 -0.0202149 18.9025 0.0435523 0.999005 0.00964774 1.01227 0.0197765 -0.0105171 0.999749 0.502043
0.998692 -0.0461793 -0.0219656 20.7324 0.0463684 0.998891 0.00817848 1.1176 0.0215636 -0.00918629 0.999725 0.550507
0.998682 -0.0470114 -0.0205778 21.6579 0.0471804 0.998856 0.00780504 1.16997 0.0201874 -0.00876562 0.999758 0.574787
0.998752 -0.0470584 -0.0167619 22.5906 0.0472215 0.99884 0.0094656 1.22669 0.016297 -0.0102453 0.999815 0.601837
0.99884 -0.0463401 -0.0130673 23.5271 0.0464767 0.998866 0.0103478 1.28155 0.0125729 -0.0109431 0.999861 0.629619
0.998935 -0.0449651 -0.0103312 24.4685 0.0450632 0.99894 0.00945763 1.33324 0.00989497 -0.00991312 0.999902 0.65278
0.999009 -0.043543 -0.00918625 25.4132 0.0436281 0.999005 0.00927892 1.38488 0.00877307 -0.00967051 0.999915 0.671894
0.999038 -0.042322 -0.0114727 26.3601 0.0424317 0.999054 0.00948909 1.43603 0.0110602 -0.00996677 0.999889 0.68985
0.999008 -0.0413053 -0.0166315 27.3119 0.0414818 0.999085 0.0104079 1.48759 0.0161864 -0.0110875 0.999808 0.709292
0.998992 -0.0400725 -0.0202172 28.2697 0.0402775 0.99914 0.00983534 1.53698 0.0198057 -0.0106397 0.999747 0.730428
0.999041 -0.0393451 -0.0192332 29.2372 0.0394955 0.999192 0.00750032 1.58428 0.0189225 -0.00825275 0.999787 0.754707
0.999112 -0.0396168 -0.0143654 30.2125 0.0397026 0.999195 0.00573527 1.63206 0.0141266 -0.00630052 0.99988 0.778273
0.999126 -0.0405459 -0.0101317 31.1915 0.0405742 0.999173 0.00259986 1.67988 0.0100179 -0.00300868 0.999945 0.801297
0.999085 -0.0416173 -0.00988165 32.1699 0.041569 0.999123 -0.0050456 1.71969 0.010083 0.00463021 0.999939 0.819862
0.998972 -0.0432152 -0.0136754 33.1491 0.0431078 0.999038 -0.00806059 1.76649 0.0140106 0.00746279 0.999874 0.836123
0.998835 -0.0447321 -0.0180912 34.1323 0.0446022 0.998977 -0.00752362 1.82071 0.0184092 0.00670795 0.999808 0.856504
0.998719 -0.0466365 -0.0196588 35.1402 0.0465084 0.998894 -0.00693157 1.8792 0.0199603 0.00600839 0.999783 0.890219
0.998708 -0.0477144 -0.0175091 36.1955 0.0475992 0.998842 -0.006943 1.94285 0.0178201 0.00610061 0.999823 0.948774
0.998706 -0.0487284 -0.0145574 37.2386 0.0486785 0.998807 -0.00376511 2.01007 0.0147235 0.0030516 0.999887 0.999204
0.998658 -0.0500079 -0.0134889 38.2809 0.049966 0.998745 -0.00343006 2.07562 0.0136435 0.00275147 0.999903 1.04783
0.998633 -0.0510332 -0.0113296 39.3137 0.0510068 0.998695 -0.00261574 2.13973 0.0114483 0.00203428 0.999933 1.08709
0.998649 -0.0516105 -0.00608107 41.3713 0.0516271 0.998663 0.00260277 2.27882 0.00593861 -0.0029132 0.999978 1.15419
0.998653 -0.0515692 -0.00571242 42.393 0.0515898 0.998662 0.00348933 2.34931 0.00552483 -0.00377934 0.999978 1.182
0.998635 -0.0517048 -0.00735921 43.4035 0.0517292 0.998656 0.00314309 2.41511 0.0071868 -0.00351949 0.999968 1.20412
0.998622 -0.0514657 -0.0102258 44.4085 0.0515227 0.998658 0.00537883 2.48616 0.00993521 -0.00589828 0.999933 1.23062
0.998573 -0.0523523 -0.010541 45.4086 0.0524112 0.998611 0.00537906 2.55071 0.0102448 -0.00592385 0.99993 1.26119
0.998518 -0.0536946 -0.00892786 46.4084 0.0537267 0.99855 0.00338709 2.61226 0.00873304 -0.00386174 0.999955 1.28938
0.998478 -0.0545668 -0.00797675 47.4032 0.0545971 0.998502 0.00361535 2.67943 0.00776752 -0.00404535 0.999962 1.31965
0.998445 -0.0548337 -0.0100591 48.3886 0.0548986 0.998472 0.00628579 2.75139 0.00969908 -0.00682825 0.99993 1.34789
0.998341 -0.0555038 -0.0152913 49.3666 0.0556119 0.99843 0.00672874 2.82199 0.0148938 -0.00756797 0.999861 1.37352
0.998296 -0.0559754 -0.0164751 50.3471 0.056099 0.9984 0.00713169 2.88908 0.0160495 -0.00804378 0.999839 1.39873
0.998323 -0.0563182 -0.0133742 51.3287 0.0564136 0.998384 0.00686368 2.95395 0.012966 -0.00760666 0.999887 1.43127
0.998341 -0.0566706 -0.0101846 52.3045 0.056716 0.998382 0.00422848 3.01741 0.00992845 -0.00479909 0.999939 1.45846
0.998334 -0.0569709 -0.00908485 53.2751 0.0569995 0.99837 0.00292145 3.0819 0.00890359 -0.00343442 0.999955 1.48401
0.998319 -0.0571454 -0.00970076 54.2375 0.0571475 0.998366 -6.63307e-05 3.1436 0.00968869 -0.00048816 0.999953 1.50634
0.99827 -0.0577057 -0.0112427 55.2013 0.0576701 0.99833 -0.00346739 3.20103 0.011424 0.00281303 0.999931 1.52799
0.99821 -0.0588847 -0.0104541 56.1594 0.0588348 0.998255 -0.0050182 3.26277 0.0107313 0.00439416 0.999933 1.54976
0.998181 -0.0599894 -0.00603708 57.122 0.0599422 0.998172 -0.00772415 3.32364 0.0064894 0.00734822 0.999952 1.56935
0.998166 -0.060542 -0.000503886 58.0832 0.0605346 0.998122 -0.00937999 3.39077 0.00107081 0.00933227 0.999956 1.58413
0.998132 -0.0610772 0.00172085 59.0348 0.0610891 0.998101 -0.00797652 3.46333 -0.00123041 0.00806674 0.999967 1.59814
0.99804 -0.0625753 -0.000789175 59.9755 0.062569 0.99802 -0.00651234 3.53121 0.00119511 0.00645019 0.999979 1.61388
0.997906 -0.0640551 -0.00892195 60.9003 0.064009 0.997935 -0.00535578 3.59418 0.00924659 0.00477348 0.999946 1.62917
0.997764 -0.0651331 -0.0150167 61.8159 0.0650689 0.99787 -0.00472456 3.65548 0.0152924 0.00373687 0.999876 1.64919
0.997689 -0.0663598 -0.0145787 62.7263 0.0663723 0.997795 0.00037241 3.72824 0.0145218 -0.00133917 0.999894 1.67301
0.997665 -0.0672284 -0.012033 63.625 0.0672782 0.997727 0.00378006 3.79658 0.0117515 -0.0045808 0.999921 1.70202
0.997592 -0.0685777 -0.0103442 64.5089 0.0686487 0.997619 0.00666595 3.86538 0.00986239 -0.00736001 0.999924 1.73074
0.997497 -0.069807 -0.0112306 65.3774 0.0698856 0.997532 0.00676316 3.93098 0.0107308 -0.0075311 0.999914 1.75373
0.99739 -0.0714194 -0.0105597 66.2332 0.0715071 0.997407 0.00817005 3.99915 0.00994886 -0.00890383 0.999911 1.77642
0.997288 -0.0729135 -0.0100056 67.0755 0.0730083 0.997287 0.00945262 4.06679 0.00928919 -0.0101575 0.999905 1.80087
0.997178 -0.0745281 -0.00903808 67.9052 0.0746121 0.997169 0.00934789 4.13233 0.0083158 -0.00999586 0.999916 1.82388
0.997073 -0.0759935 -0.00833032 68.723 0.0760669 0.997063 0.00886327 4.197 0.0076323 -0.00947099 0.999926 1.84429
0.996981 -0.0773904 -0.00624727 69.5265 0.0774567 0.996934 0.0111414 4.26514 0.00536587 -0.0115916 0.999919 1.86462
0.996905 -0.0785926 -0.00189915 70.3215 0.0786109 0.99682 0.0130446 4.33415 0.000867894 -0.0131535 0.999913 1.88306
0.996757 -0.0804653 -7.10003e-05 71.0987 0.0804568 0.996638 0.0155047 4.39752 -0.00117684 -0.0154602 0.99988 1.90469
0.996626 -0.0819961 -0.00365211 71.8512 0.08205 0.996457 0.0184707 4.46675 0.00212464 -0.018708 0.999823 1.92603
0.996473 -0.0831757 -0.0110629 72.5825 0.0833766 0.996334 0.0191444 4.53218 0.00943001 -0.0199993 0.999756 1.94723
0.996272 -0.0846434 -0.0166488 73.2949 0.084941 0.996223 0.0180595 4.59615 0.0150573 -0.0194064 0.999698 1.96494
0.996188 -0.085109 -0.0191255 73.9909 0.0854648 0.996167 0.0186237 4.66135 0.0174672 -0.0201872 0.999644 1.98648
0.996176 -0.0858477 -0.0162022 74.6678 0.0861791 0.996058 0.0210048 4.72765 0.0143351 -0.0223207 0.999648 2.01386
0.99611 -0.08714 -0.0130712 75.3237 0.0874143 0.995926 0.0221335 4.7891 0.0110892 -0.02319 0.99967 2.04641
0.995958 -0.0884683 -0.0155082 75.956 0.0887606 0.995866 0.0192998 4.84356 0.0137367 -0.0205983 0.999694 2.07301
0.995867 -0.0886699 -0.0196434 76.5691 0.0889061 0.995974 0.0114916 4.88925 0.0185454 -0.0131905 0.999741 2.09681
0.995823 -0.0878527 -0.0248624 77.163 0.0880519 0.996091 0.0070276 4.93765 0.0241478 -0.00918743 0.999666 2.12291
0.996044 -0.0850235 -0.0258432 77.7446 0.085262 0.996324 0.00826445 4.99146 0.0250455 -0.0104352 0.999632 2.14865
0.996436 -0.0810996 -0.0231898 78.3147 0.0814383 0.99658 0.0140487 5.04721 0.0219711 -0.0158872 0.999632 2.17594
0.99686 -0.0766385 -0.0199084 78.8699 0.076905 0.996954 0.0129816 5.08946 0.0188529 -0.0144719 0.999718 2.19972
0.997313 -0.0715755 -0.0156155 79.4136 0.0717176 0.997387 0.00873332 5.1177 0.0149496 -0.00982976 0.99984 2.22474
0.997899 -0.0638398 -0.0110464 79.9442 0.0638957 0.997945 0.00477791 5.14351 0.0107186 -0.00547369 0.999928 2.25007
0.998499 -0.0535769 -0.0113842 80.4568 0.0536599 0.998534 0.00710626 5.17154 0.0109868 -0.00770647 0.99991 2.2703
0.999169 -0.0389837 -0.0118679 80.9577 0.0391337 0.999154 0.0126672 5.20348 0.0113641 -0.0131211 0.999849 2.28895
0.999716 -0.0210685 -0.0111527 81.4462 0.0212647 0.999616 0.0177708 5.22232 0.010774 -0.0180029 0.99978 2.30609
0.999947 0.000184125 -0.0103042 81.9207 -9.44137e-06 0.999857 0.0169495 5.21839 0.0103058 -0.0169485 0.999803 2.32071
0.999633 0.0255574 -0.00893086 82.3823 -0.0254349 0.999585 0.0135649 5.19631 0.00927382 -0.0133327 0.999868 2.33706
0.996254 0.0863337 -0.00498794 83.281 -0.0862703 0.996203 0.0117467 5.11442 0.00598313 -0.0112724 0.999919 2.36727
0.992435 0.122716 -0.00365013 83.7177 -0.122666 0.99238 0.011681 5.04875 0.00505575 -0.0111449 0.999925 2.37989
0.986602 0.163117 -0.00301702 84.1459 -0.163071 0.986543 0.0119091 4.96704 0.00491899 -0.0112576 0.999925 2.39032
0.978326 0.207058 -0.00230095 84.5615 -0.207018 0.978268 0.0116471 4.86388 0.00466257 -0.0109183 0.99993 2.40246
0.967055 0.254553 -0.00267953 84.9614 -0.254494 0.966977 0.013773 4.74108 0.006097 -0.0126374 0.999902 2.41709
0.9328 0.360359 -0.00513906 85.7136 -0.360251 0.932735 0.0149949 4.42831 0.0101969 -0.0121359 0.999874 2.44054
0.909367 0.415956 -0.00573817 86.0628 -0.415831 0.909308 0.015606 4.23985 0.0117092 -0.0118055 0.999862 2.4473
0.881417 0.472291 -0.00678291 86.3926 -0.472145 0.881376 0.015985 4.03113 0.0135278 -0.0108869 0.999849 2.4532
0.849121 0.528123 -0.00891288 86.7001 -0.527983 0.849136 0.014236 3.79894 0.0150866 -0.00738226 0.999859 2.46105
0.774782 0.632175 -0.0081951 87.2625 -0.632075 0.774815 0.0119156 3.28749 0.0138824 -0.00405208 0.999895 2.48397
0.733407 0.679773 -0.00489741 87.5199 -0.679699 0.733407 0.0111012 3.00464 0.0111381 -0.00481291 0.999927 2.49119
0.689744 0.724043 -0.00387526 87.7561 -0.723988 0.689744 0.00972966 2.70814 0.00971764 -0.00390534 0.999945 2.49641
0.644504 0.764575 -0.00627784 87.968 -0.764532 0.644534 0.00818089 2.39301 0.0103012 -0.000473017 0.999947 2.50051
0.598971 0.800695 -0.0110273 88.1584 -0.800701 0.599043 0.00492806 2.06845 0.0105517 0.00587778 0.999927 2.50565
0.507533 0.861611 -0.0060709 88.5065 -0.861566 0.507569 0.00877209 1.40223 0.0106395 0.000778347 0.999943 2.51966
0.463177 0.886252 -0.00495023 88.6582 -0.886191 0.463203 0.010464 1.05487 0.0115667 -0.000459829 0.999933 2.52507
0.421791 0.906633 -0.0104952 88.7829 -0.906615 0.421878 0.00822629 0.698466 0.0118859 0.00604534 0.999911 2.52921
0.383176 0.923396 -0.0226904 88.8855 -0.923632 0.383282 0.0003058 0.325909 0.00897918 0.0208404 0.999743 2.52941
0.348465 0.936925 -0.0272827 88.9852 -0.937304 0.348489 -0.00400268 -0.0459822 0.00575753 0.026967 0.99962 2.53157
0.285575 0.958215 -0.01646 89.2025 -0.958295 0.28571 0.0064509 -0.78962 0.0108841 0.0139313 0.999844 2.54833
0.257197 0.966299 -0.0108145 89.2983 -0.966266 0.257311 0.0110391 -1.17114 0.0134498 0.00761041 0.999881 2.56364
0.208479 0.977863 -0.0178709 89.4357 -0.977883 0.208727 0.0133098 -1.9749 0.0167454 0.0147009 0.999752 2.58145
0.188182 0.981749 -0.0275069 89.4844 -0.981849 0.188728 0.0188215 -2.39494 0.0236693 0.0234657 0.999444 2.57319
0.168554 0.985215 -0.0306632 89.5394 -0.985195 0.169375 0.0265045 -2.8218 0.0313062 0.0257418 0.999178 2.56687
0.135616 0.990468 -0.0241121 89.6537 -0.99041 0.136176 0.0233328 -3.73193 0.0263939 0.0207165 0.999437 2.5927
0.121129 0.992361 -0.0234189 89.6955 -0.992387 0.121594 0.0195677 -4.2066 0.0222658 0.0208704 0.999534 2.6109
0.107658 0.993873 -0.025045 89.7287 -0.993993 0.108101 0.0170777 -4.69279 0.0196805 0.023056 0.999541 2.62588
0.0957825 0.994993 -0.0285358 89.754 -0.995228 0.096263 0.0159642 -5.19134 0.0186312 0.0268705 0.999465 2.63664
0.0852607 0.995853 -0.0317318 89.7763 -0.996177 0.0858094 0.0163502 -5.70494 0.0190053 0.0302164 0.999363 2.64777
0.076612 0.996485 -0.0338781 89.7976 -0.996871 0.0772168 0.0169163 -6.23428 0.0194729 0.0324761 0.999283 2.6597
0.0705183 0.996877 -0.0355422 89.8177 -0.997318 0.0711601 0.0171252 -6.7811 0.0196009 0.0342392 0.999222 2.67049
0.0646411 0.997223 -0.0369923 89.8379 -0.997698 0.0653454 0.0181553 -7.34379 0.0205221 0.0357335 0.999151 2.67922
0.0582677 0.997605 -0.0372822 89.858 -0.998074 0.0590098 0.0191204 -7.9269 0.0212746 0.0360963 0.999122 2.68672
0.0535669 0.99778 -0.0395675 89.875 -0.99834 0.0543526 0.0190534 -8.5311 0.0211617 0.0384811 0.999035 2.69685
0.0499973 0.997898 -0.0412304 89.8846 -0.998531 0.0508075 0.0188405 -9.15016 0.0208957 0.0402279 0.998972 2.70617
0.046507 0.998026 -0.0422114 89.8966 -0.99871 0.0473193 0.0184504 -9.78898 0.0204114 0.0412989 0.998938 2.71714
0.0433343 0.998105 -0.0436806 89.9025 -0.998866 0.044147 0.0178137 -10.4454 0.0197083 0.0428591 0.998887 2.72745
0.0418411 0.997965 -0.0481169 89.9069 -0.998935 0.0427219 0.0174218 -11.1179 0.019442 0.0473367 0.99869 2.73765
0.0419696 0.997763 -0.0520295 89.908 -0.998933 0.0429085 0.0170606 -11.8059 0.019255 0.0512579 0.9985 2.74664
0.0436193 0.997582 -0.054101 89.9162 -0.998863 0.0445911 0.0168868 -12.5126 0.0192584 0.0533028 0.998393 2.75685
0.0466681 0.997304 -0.0566384 89.9286 -0.998715 0.047707 0.0171285 -13.2355 0.0197843 0.0557662 0.998248 2.76826
0.0503801 0.99707 -0.057558 89.9439 -0.998533 0.051433 0.0169562 -13.9761 0.0198669 0.0566192 0.998198 2.78058
0.0542184 0.996788 -0.0589484 89.9683 -0.998359 0.0552042 0.0152239 -14.7339 0.0184292 0.0580262 0.998145 2.79736
0.0581527 0.99656 -0.059055 89.998 -0.99816 0.0590611 0.0137521 -15.5054 0.0171926 0.0581466 0.99816 2.81513
0.0622969 0.996468 -0.0563093 90.0378 -0.997943 0.0630474 0.0116472 -16.294 0.0151562 0.0554679 0.998346 2.83116
0.0663492 0.996268 -0.0552043 90.0792 -0.997696 0.0670254 0.010484 -17.0885 0.014145 0.0543815 0.99842 2.84623
0.070291 0.996123 -0.052906 90.1267 -0.997412 0.0709873 0.0113955 -17.891 0.015107 0.051968 0.998535 2.86356
0.0735236 0.995985 -0.0510707 90.1777 -0.997125 0.0743567 0.0146045 -18.6959 0.0183433 0.04985 0.998588 2.88356
0.0747317 0.996138 -0.0460845 90.2347 -0.99691 0.0757522 0.0208077 -19.5047 0.0242183 0.0443871 0.998721 2.90404
0.0743277 0.996279 -0.0436298 90.2872 -0.996867 0.0754155 0.0238356 -20.3193 0.0270373 0.0417215 0.998764 2.92489
0.074386 0.996503 -0.0380738 90.3931 -0.996932 0.0752425 0.0215769 -21.9573 0.0243662 0.036352 0.999042 2.98638
0.074246 0.996485 -0.0388013 90.4409 -0.996957 0.0750963 0.020934 -22.7752 0.0237743 0.037129 0.999028 3.01636
0.0744592 0.996551 -0.0366388 90.4898 -0.996969 0.0752203 0.0198502 -23.5934 0.0225377 0.0350497 0.999132 3.04714
0.0741434 0.996635 -0.0349449 90.5362 -0.996997 0.0748651 0.0198147 -24.4101 0.0223642 0.0333708 0.999193 3.08105
0.0741935 0.996715 -0.0324642 90.5868 -0.996978 0.0748866 0.0206788 -25.2233 0.023042 0.0308318 0.999259 3.11116
0.0729732 0.996896 -0.0295432 90.6367 -0.997044 0.0736343 0.0219385 -26.0355 0.0240458 0.0278549 0.999323 3.1407
0.070252 0.997175 -0.0265986 90.6866 -0.997245 0.0708436 0.021991 -26.8473 0.0238132 0.0249804 0.999404 3.17076
0.0664701 0.997506 -0.0237488 90.7324 -0.997539 0.0669669 0.0207682 -27.6593 0.0223067 0.0223099 0.999502 3.20118
0.0616931 0.997867 -0.0213312 90.7752 -0.997903 0.0620863 0.0182874 -28.4723 0.0195727 0.0201583 0.999605 3.23277
0.0554583 0.998281 -0.0189712 90.8105 -0.998317 0.0557634 0.0159438 -29.2849 0.0169743 0.018055 0.999693 3.26262
0.0480349 0.998681 -0.018119 90.837 -0.998709 0.0483211 0.0157002 -30.0937 0.0165551 0.0173414 0.999713 3.29048
0.0392943 0.999077 -0.0173492 90.8566 -0.999078 0.0395834 0.0166422 -30.8969 0.0173136 0.0166793 0.999711 3.31593
0.0291695 0.999418 -0.0176835 90.864 -0.999415 0.029476 0.0173187 -31.6996 0.0178298 0.0171679 0.999694 3.34048
0.0189309 0.999649 -0.0185361 90.8642 -0.99968 0.0192368 0.016461 -32.4985 0.0168118 0.0182185 0.999693 3.36618
0.00815881 0.999816 -0.0173845 90.8583 -0.999853 0.00841884 0.0149334 -33.292 0.015077 0.0172601 0.999737 3.39195
-0.00300274 0.999828 -0.0182882 90.8409 -0.999897 -0.00274506 0.0140986 -34.0852 0.014046 0.0183286 0.999734 3.4136
-0.0141505 0.999729 -0.0184801 90.8144 -0.999806 -0.0138932 0.0139735 -34.8727 0.0137129 0.0186742 0.999732 3.4348
-0.0252781 0.999511 -0.0183924 90.7809 -0.999582 -0.0250125 0.0145273 -35.6532 0.0140602 0.018752 0.999725 3.45659
-0.0360992 0.999189 -0.0178609 90.7396 -0.999238 -0.0358233 0.015533 -36.4296 0.0148805 0.018408 0.99972 3.47751
-0.0561557 0.998242 -0.0189498 90.6322 -0.998293 -0.0558325 0.0171663 -37.9587 0.0160781 0.0198814 0.999673 3.51842
-0.0658255 0.997643 -0.0193749 90.5661 -0.997699 -0.0654884 0.0175464 -38.7115 0.0162362 0.0204853 0.999658 3.5404
-0.0753558 0.996961 -0.0197735 90.4959 -0.997028 -0.0750122 0.0175709 -39.4566 0.0160342 0.0210388 0.99965 3.56095
-0.0840876 0.996238 -0.0209619 90.417 -0.996338 -0.0837321 0.0172919 -40.1934 0.0154717 0.0223391 0.999631 3.58231
-0.0916075 0.995542 -0.0224756 90.333 -0.995699 -0.0912607 0.015997 -40.9227 0.0138745 0.0238444 0.999619 3.6035
-0.0969764 0.994964 -0.0253306 90.2444 -0.995215 -0.0966318 0.0144946 -41.6413 0.0119738 0.0266151 0.999574 3.62615
-0.10103 0.994476 -0.028485 90.1537 -0.994835 -0.100702 0.0127242 -42.3548 0.00978546 0.0296234 0.999513 3.64474
-0.103968 0.994115 -0.0304221 90.0644 -0.994547 -0.103664 0.0114268 -43.057 0.00820586 0.0314443 0.999472 3.66158
-0.105773 0.993908 -0.0309663 89.9777 -0.994363 -0.105487 0.0107076 -43.7428 0.00737586 0.0319243 0.999463 3.67793
-0.106845 0.993781 -0.0313724 89.8922 -0.994249 -0.106556 0.010748 -44.4167 0.0073382 0.0323403 0.99945 3.6933
-0.106307 0.99381 -0.0322745 89.8076 -0.994298 -0.105972 0.011904 -45.0724 0.00841014 0.0333559 0.999408 3.70812
-0.103634 0.994057 -0.0333282 89.7275 -0.994569 -0.103246 0.0131719 -45.7108 0.00965257 0.0345123 0.999358 3.72289
-0.0989202 0.994533 -0.0334599 89.6553 -0.995039 -0.0984987 0.0140241 -46.3325 0.0106517 0.0346812 0.999342 3.73808
-0.0914277 0.995269 -0.0328587 89.5937 -0.995745 -0.0909901 0.0145763 -46.9345 0.0115175 0.0340515 0.999354 3.75399
-0.0808033 0.996215 -0.0320524 89.5403 -0.996655 -0.0803591 0.0149103 -47.5189 0.0122782 0.03315 0.999375 3.77094
-0.0675456 0.997208 -0.0318328 89.4966 -0.997633 -0.0670927 0.0150869 -48.0829 0.0129091 0.0327765 0.999379 3.7884
-0.0510132 0.99822 -0.0309021 89.4692 -0.998588 -0.0505229 0.0164414 -48.6268 0.0148509 0.0316972 0.999387 3.80544
-0.0307307 0.999081 -0.0298842 89.4573 -0.999362 -0.030167 0.0191308 -49.162 0.0182117 0.030453 0.99937 3.82629
-0.00706197 0.999568 -0.0285264 89.4591 -0.999729 -0.00642433 0.0223808 -49.6897 0.0221878 0.0286768 0.999343 3.84766
0.0529158 0.998246 -0.0265348 89.5063 -0.998266 0.0535662 0.024427 -50.7371 0.0258055 0.0251962 0.999349 3.88841
0.0900199 0.995591 -0.0263648 89.557 -0.995633 0.0906179 0.0224317 -51.2547 0.0247219 0.0242304 0.999401 3.90998
0.1314 0.991009 -0.0252019 89.6322 -0.991077 0.131898 0.0192303 -51.7662 0.0223815 0.0224501 0.999497 3.93313
0.175643 0.984188 -0.0228913 89.7316 -0.984276 0.176006 0.0149516 -52.2686 0.0187442 0.0199052 0.999626 3.9563
0.22303 0.974625 -0.0190592 89.8545 -0.974684 0.223275 0.0118494 -52.7658 0.0158042 0.015934 0.999748 3.97995
0.273487 0.961745 -0.0158504 90.0079 -0.961765 0.273669 0.01067 -53.245 0.0145996 0.0123263 0.999817 4.00462
0.326915 0.944931 -0.0152376 90.1816 -0.944934 0.327088 0.010669 -53.7071 0.0150655 0.0109107 0.999827 4.02395
0.38355 0.923324 -0.0190575 90.3757 -0.92335 0.383794 0.0112808 -54.1525 0.0177299 0.01327 0.999755 4.04323
0.442245 0.896605 -0.0227886 90.5969 -0.896596 0.44261 0.0145612 -54.574 0.0231421 0.0139925 0.999634 4.06289
0.500765 0.865123 -0.0282332 90.8438 -0.865068 0.501326 0.0181691 -54.9753 0.0298725 0.0153252 0.999436 4.08326
0.61324 0.78934 -0.0296564 91.4268 -0.788943 0.613912 0.0261051 -55.7046 0.0388122 0.00738853 0.999219 4.12198
0.665761 0.745486 -0.0318275 91.7521 -0.745001 0.666499 0.0274526 -56.037 0.0416786 0.00543463 0.999116 4.14326
0.714698 0.69864 -0.0332996 92.0975 -0.698177 0.715458 0.0258849 -56.3477 0.0419087 0.0047491 0.99911 4.16762
0.802191 0.596478 -0.0265116 92.8529 -0.596216 0.802628 0.0177495 -56.8923 0.0318661 0.00156813 0.999491 4.22137
0.839389 0.543088 -0.0219595 93.2603 -0.542883 0.839676 0.0149216 -57.1218 0.0265426 -0.000603538 0.999648 4.24696
0.871491 0.490128 -0.0166696 93.6831 -0.489991 0.871648 0.0117482 -57.3301 0.0202881 -0.00207045 0.999792 4.26869
0.91917 0.393787 -0.00765461 94.5689 -0.393673 0.919157 0.0131174 -57.6754 0.0122013 -0.00904373 0.999885 4.30992
0.935409 0.353556 -0.0028971 95.0345 -0.353444 0.935267 0.0187924 -57.8146 0.0093537 -0.0165546 0.999819 4.32146
0.947927 0.318466 -0.00361078 95.4998 -0.318303 0.947705 0.0231956 -57.9414 0.010809 -0.0208384 0.999724 4.32739
0.95785 0.287235 -0.00438205 95.9726 -0.287036 0.957577 0.0256158 -58.064 0.0115539 -0.0232783 0.999662 4.33258
0.964488 0.26404 -0.00676778 96.4468 -0.263862 0.964353 0.0200084 -58.191 0.0118095 -0.0175121 0.999777 4.34114
0.968706 0.24811 -0.00714242 96.9283 -0.247963 0.968622 0.0169297 -58.3111 0.0111187 -0.0146289 0.999831 4.35479
0.974188 0.22567 -0.00555344 97.9299 -0.225458 0.973909 0.0258696 -58.5273 0.0112465 -0.0239498 0.99965 4.36488
0.975597 0.219505 -0.00533123 98.445 -0.219218 0.975123 0.0328571 -58.6312 0.0124109 -0.0308866 0.999446 4.37326
0.976209 0.216689 -0.00781323 98.9696 -0.216232 0.975559 0.0390854 -58.7393 0.0160917 -0.036466 0.999205 4.38673
0.976386 0.215819 -0.00959361 99.5019 -0.215262 0.975691 0.0411066 -58.8559 0.018232 -0.0380708 0.999109 4.40456
0.975878 0.217958 -0.0125147 100.043 -0.217303 0.975266 0.0404374 -58.981 0.0210188 -0.0367425 0.999104 4.42113
0.974816 0.222124 -0.0198558 100.592 -0.221252 0.974449 0.0386866 -59.1142 0.0279417 -0.0333192 0.999054 4.43347
0.973731 0.226298 -0.0252539 101.152 -0.225257 0.973541 0.0384289 -59.2482 0.0332821 -0.0317308 0.998942 4.4471
0.972744 0.230688 -0.0235172 101.733 -0.22955 0.972342 0.0431158 -59.3801 0.032813 -0.0365423 0.998793 4.46769
0.971518 0.236237 -0.0185615 102.327 -0.235181 0.970834 0.046594 -59.5153 0.0290274 -0.0409016 0.998742 4.491
0.970426 0.240969 -0.0144202 102.931 -0.240144 0.969739 0.0440054 -59.6684 0.0245877 -0.0392411 0.998927 4.51478
0.969594 0.24454 -0.00940659 103.544 -0.243998 0.968968 0.0395766 -59.8311 0.0187927 -0.0360781 0.999172 4.53761
0.968773 0.247899 -0.00501039 104.168 -0.247556 0.968176 0.0367679 -59.9957 0.0139656 -0.0343794 0.999311 4.55853
0.967968 0.251029 -0.00469569 104.799 -0.250753 0.967509 0.0324066 -60.1646 0.0126781 -0.0301911 0.999464 4.57454
0.967795 0.251603 -0.00835648 105.436 -0.251274 0.967487 0.0288422 -60.3389 0.0153416 -0.0258136 0.999549 4.59055
0.967782 0.251361 -0.0147221 106.081 -0.250894 0.967614 0.0278421 -60.5115 0.0212438 -0.0232514 0.999504 4.60727
0.967775 0.250804 -0.0225457 106.736 -0.250118 0.96777 0.0293734 -60.6806 0.029186 -0.0227877 0.999314 4.62443
0.96824 0.248638 -0.0262698 107.408 -0.247748 0.968261 0.0330346 -60.8508 0.0336496 -0.0254771 0.999109 4.64318
0.968969 0.246129 -0.0227819 108.099 -0.245362 0.968906 0.0319367 -61.0272 0.029934 -0.0253558 0.99923 4.66505
0.969554 0.244328 -0.0164203 108.805 -0.243828 0.969425 0.0276167 -61.2096 0.0226658 -0.0227722 0.999484 4.69256
0.970272 0.241835 -0.00938159 109.522 -0.241503 0.970009 0.0275485 -61.3886 0.0157624 -0.0244639 0.999577 4.72091
0.970735 0.239987 -0.00887236 110.244 -0.239621 0.970385 0.0305797 -61.5619 0.0159483 -0.0275588 0.999493 4.7434
0.97114 0.238196 -0.0122182 110.975 -0.237624 0.970674 0.0364216 -61.7315 0.0205353 -0.0324672 0.999262 4.76247
0.971906 0.234718 -0.0175123 111.714 -0.233943 0.971516 0.0377888 -61.9096 0.0258832 -0.0326302 0.999132 4.78087
0.972793 0.230701 -0.021237 112.465 -0.229828 0.972524 0.0370993 -62.0898 0.0292123 -0.0312091 0.999086 4.80227
0.973701 0.226926 -0.0202732 113.233 -0.22614 0.973463 0.0350912 -62.2721 0.0276983 -0.0295837 0.999179 4.82866
0.974548 0.223299 -0.0198403 114.008 -0.22264 0.974413 0.0308426 -62.4567 0.0262197 -0.0256404 0.999327 4.85779
0.975038 0.221367 -0.0172448 114.798 -0.220812 0.974877 0.0292696 -62.6401 0.0232909 -0.0247311 0.999423 4.88743
0.975431 0.219776 -0.0152579 115.608 -0.219336 0.975298 0.0261754 -62.8254 0.0206337 -0.0221857 0.999541 4.91253
0.97576 0.21842 -0.0135875 117.237 -0.218105 0.975689 0.0214881 -63.1984 0.0179506 -0.0180038 0.999677 4.96263
0.975635 0.218934 -0.0143178 118.057 -0.218518 0.975486 0.0260311 -63.3758 0.0196659 -0.0222681 0.999559 4.9881
0.975451 0.219619 -0.0162182 118.882 -0.219027 0.975192 0.0320594 -63.5533 0.0228567 -0.0277202 0.999355 5.013
0.97526 0.220482 -0.0159891 119.712 -0.219716 0.974754 0.0397446 -63.7314 0.0243484 -0.0352482 0.999082 5.03715
0.974705 0.223074 -0.0136855 120.55 -0.222224 0.973868 0.0468819 -63.9096 0.023786 -0.0426548 0.998807 5.06567
0.974014 0.226264 -0.0100388 121.39 -0.225502 0.972956 0.0500482 -64.0948 0.0210914 -0.0464839 0.998696 5.09686
0.973438 0.228714 -0.0104302 122.229 -0.227921 0.972368 0.0505176 -64.29 0.0216961 -0.0467985 0.998669 5.12586
0.972904 0.230804 -0.0136659 123.07 -0.22986 0.971913 0.0504916 -64.4859 0.0249357 -0.0459823 0.998631 5.15026
0.972688 0.231671 -0.0143955 123.926 -0.230869 0.972017 0.0433829 -64.692 0.0240433 -0.0388746 0.998955 5.16772
0.972584 0.231989 -0.0161567 124.775 -0.231285 0.972193 0.0367342 -64.9007 0.0242293 -0.0319903 0.999195 5.19045
0.97224 0.2334 -0.0165289 125.623 -0.232725 0.971911 0.035056 -65.1028 0.0242466 -0.0302361 0.999249 5.21631
0.972028 0.234452 -0.0139147 126.474 -0.233786 0.971537 0.038209 -65.2981 0.0224769 -0.0338871 0.999173 5.23988
0.971879 0.235336 -0.00825295 127.327 -0.234841 0.971225 0.0396413 -65.4946 0.0173445 -0.0365884 0.99918 5.26287
0.971351 0.237541 -0.00721398 128.997 -0.237031 0.970565 0.0426669 -65.8995 0.0171368 -0.0397346 0.999063 5.32278
0.971001 0.238087 -0.0217318 129.805 -0.23712 0.970673 0.0396068 -66.1153 0.0305243 -0.0333052 0.998979 5.35642
0.970738 0.237709 -0.0340799 130.614 -0.236509 0.97097 0.0357851 -66.3339 0.041597 -0.0266778 0.998778 5.39146
0.971143 0.236769 -0.0286576 131.441 -0.235782 0.971211 0.0339909 -66.5468 0.0358806 -0.026253 0.999011 5.4304
0.971868 0.235394 -0.00790021 132.284 -0.235094 0.971569 0.0280227 -66.7594 0.014272 -0.0253771 0.999576 5.47114
0.972183 0.234024 0.00961663 133.12 -0.234195 0.971875 0.0247563 -66.9695 -0.00355259 -0.0263199 0.999647 5.51081
0.972363 0.233412 0.00534413 133.929 -0.23347 0.971984 0.0271673 -67.1732 0.00114675 -0.0276642 0.999617 5.52868
0.97268 0.231448 -0.0180652 135.522 -0.230699 0.972354 0.0361233 -67.5774 0.0259265 -0.0309687 0.999184 5.54378
0.973074 0.229566 -0.0206489 136.325 -0.228842 0.972923 0.0324362 -67.7869 0.027536 -0.0268374 0.999261 5.5695
0.973762 0.226912 -0.017263 137.135 -0.226292 0.973535 0.0319546 -67.9801 0.024057 -0.0272097 0.99934 5.59538
0.974524 0.223473 -0.0190686 137.936 -0.222816 0.974351 0.0315283 -68.1679 0.0256252 -0.0264763 0.999321 5.60926
0.975543 0.218762 -0.0214141 138.732 -0.218032 0.975418 0.0319611 -68.3543 0.0278796 -0.0265104 0.99926 5.61911
0.976265 0.215704 -0.0194284 139.532 -0.21491 0.975953 0.036462 -68.5283 0.0268262 -0.0314212 0.999146 5.63964
0.976708 0.213645 -0.0199484 140.33 -0.212658 0.976189 0.0427991 -68.6996 0.0286172 -0.03756 0.998885 5.65707
0.97716 0.211816 -0.0170734 141.131 -0.210884 0.976479 0.0449099 -68.8751 0.0261844 -0.0402837 0.998845 5.68075
0.977548 0.210325 -0.0127407 141.931 -0.209612 0.976839 0.0429861 -69.0552 0.0214867 -0.0393504 0.998995 5.70461
0.977832 0.209022 -0.0124127 142.725 -0.208349 0.977164 0.0417365 -69.2331 0.020853 -0.0382251 0.999052 5.72814
0.978298 0.206546 -0.0164967 143.517 -0.205764 0.977786 0.0399458 -69.4062 0.0243809 -0.0356845 0.999066 5.75019
0.979149 0.202115 -0.0204033 144.301 -0.201317 0.97888 0.0355777 -69.5801 0.0271632 -0.0307283 0.999159 5.76839
0.980395 0.195669 -0.0232237 145.094 -0.194885 0.980296 0.0322601 -69.7445 0.0290783 -0.0271017 0.99921 5.79163
0.98179 0.189004 -0.019155 145.895 -0.188361 0.981607 0.031112 -69.8974 0.024683 -0.0269374 0.999332 5.81878
0.983087 0.18283 -0.0106042 146.7 -0.182461 0.982785 0.0290127 -70.0474 0.015726 -0.0265872 0.999523 5.8471
0.983931 0.178533 -0.00249696 147.506 -0.178419 0.983647 0.0245975 -70.1881 0.00684757 -0.0237567 0.999694 5.86615
0.985417 0.170151 -0.00151151 149.1 -0.169996 0.984831 0.0347651 -70.4386 0.00740388 -0.0340012 0.999395 5.8954
0.98649 0.163396 -0.0118446 149.887 -0.162894 0.986015 0.0352186 -70.5685 0.0174335 -0.0328134 0.99931 5.90647
0.987426 0.156926 -0.0191087 150.681 -0.156259 0.987182 0.0324774 -70.6963 0.0239603 -0.0290832 0.99929 5.91715
0.988453 0.150307 -0.019203 151.487 -0.149675 0.988251 0.0309436 -70.8179 0.0236285 -0.027712 0.999337 5.93693
0.989658 0.14272 -0.0144451 152.303 -0.142098 0.989141 0.0375296 -70.9243 0.0196445 -0.0350888 0.999191 5.96443
0.990735 0.13502 -0.0146524 153.114 -0.134278 0.989995 0.0433564 -71.0221 0.0203597 -0.0409872 0.998952 5.98658
0.992881 0.116791 -0.0233976 154.729 -0.115665 0.992279 0.0447709 -71.2228 0.0284458 -0.0417459 0.998723 6.02092
0.993824 0.108725 -0.022172 155.547 -0.107656 0.99318 0.0447674 -71.3132 0.0268881 -0.042104 0.998751 6.0405
0.995646 0.0927578 -0.00922221 157.2 -0.0921763 0.994449 0.0507492 -71.4502 0.0138784 -0.0496782 0.998669 6.08064
0.996355 0.0851179 -0.0055503 158.023 -0.0847351 0.995143 0.0501074 -71.5145 0.00978837 -0.0494545 0.998728 6.09966
0.996889 0.0787116 -0.00414362 158.845 -0.0784072 0.995667 0.049997 -71.5763 0.00806099 -0.0495165 0.998741 6.11623
0.997481 0.0700133 -0.0113608 160.483 -0.0693089 0.996152 0.053645 -71.6801 0.015073 -0.0527225 0.998496 6.15163
0.997635 0.0666941 -0.0166128 161.299 -0.0655745 0.996002 0.0606734 -71.7164 0.0205929 -0.0594406 0.998019 6.16662
0.998045 0.0608091 -0.0144422 162.952 -0.0597791 0.996197 0.0633929 -71.7955 0.0182421 -0.0624056 0.997884 6.19407
0.998283 0.05835 -0.00503119 163.792 -0.0578968 0.996175 0.0654558 -71.8299 0.00883128 -0.0650521 0.997843 6.20717
0.998741 0.0501647 0.000891618 165.451 -0.050118 0.996667 0.0643656 -71.903 0.00234023 -0.0643293 0.997926 6.23006
0.998947 0.0451545 -0.00813078 166.266 -0.0446502 0.997536 0.0541132 -71.9486 0.0105542 -0.0536932 0.998502 6.23616
0.999137 0.0383751 -0.0159039 167.082 -0.0375634 0.998115 0.0485301 -71.9849 0.0177363 -0.0478908 0.998695 6.23751
0.9994 0.0314884 -0.0144601 167.909 -0.0306918 0.998157 0.0523456 -71.9995 0.0160817 -0.0518704 0.998524 6.24441
0.999851 0.0164613 -0.00522272 169.58 -0.0162015 0.998792 0.0463914 -72.0324 0.00598007 -0.0462999 0.99891 6.26668
0.999939 0.0106001 -0.00313919 170.421 -0.0104731 0.999223 0.0379954 -72.048 0.0035395 -0.0379602 0.999273 6.27224
0.999987 0.00450253 -0.00235909 171.264 -0.00442109 0.999431 0.0334353 -72.0558 0.00250828 -0.0334244 0.999438 6.28126
0.999968 -0.00158943 -0.00779916 172.1 0.00182261 0.999549 0.0299844 -72.0548 0.00774798 -0.0299976 0.99952 6.29019
0.999802 -0.0086996 -0.0179025 172.928 0.00909797 0.99971 0.0222858 -72.0542 0.0177034 -0.0224443 0.999591 6.29548
0.999548 -0.0159247 -0.0254851 173.76 0.0161932 0.999815 0.010361 -72.0579 0.0253153 -0.0107691 0.999622 6.30667
0.999615 -0.0273221 -0.00492605 175.471 0.0274266 0.999369 0.0225597 -71.9964 0.00430656 -0.0226861 0.999733 6.33707
0.999473 -0.0322468 0.00375329 176.327 0.0321246 0.999062 0.0290274 -71.9543 -0.00468581 -0.0288915 0.999572 6.35304
0.999342 -0.036201 0.0021504 177.171 0.0361244 0.998934 0.0287579 -71.9174 -0.00318917 -0.0286613 0.999584 6.35921
0.999244 -0.0379664 -0.00835728 178.007 0.0381996 0.998827 0.0297607 -71.8764 0.00721756 -0.0300575 0.999522 6.36252
0.999005 -0.0404239 -0.018838 178.845 0.0411512 0.998354 0.0399646 -71.8224 0.0171914 -0.0407001 0.999024 6.3702
0.998851 -0.0423388 -0.0224302 179.691 0.0432153 0.998259 0.0401457 -71.7781 0.0206914 -0.0410689 0.998942 6.38284
0.998799 -0.0452404 -0.0187914 180.548 0.0458606 0.998369 0.0340002 -71.7468 0.0172226 -0.0348211 0.999245 6.40171
0.998958 -0.0454947 -0.00351701 182.272 0.0455924 0.998303 0.0362336 -71.6557 0.0018626 -0.0363563 0.999337 6.43924
0.998877 -0.0471251 -0.00478637 183.128 0.0472642 0.998269 0.03502 -71.6131 0.00312776 -0.0352069 0.999375 6.45725
0.99872 -0.0490775 -0.0122384 183.976 0.0494699 0.998192 0.0341295 -71.5692 0.0105413 -0.0346912 0.999343 6.47405
0.998413 -0.0512708 -0.0232822 184.82 0.0518248 0.998372 0.0238445 -71.5379 0.0220217 -0.0250132 0.999445 6.4899
0.998158 -0.0537771 -0.0280701 185.668 0.0541384 0.998458 0.012271 -71.5093 0.027367 -0.0137681 0.999531 6.51103
0.998207 -0.0549368 -0.0237495 186.528 0.0552743 0.998376 0.0137906 -71.4607 0.0229533 -0.0150786 0.999623 6.53653
0.998317 -0.0561172 -0.014623 187.389 0.0563928 0.998225 0.01916 -71.4041 0.0135219 -0.0199524 0.99971 6.56718
0.998288 -0.0578027 -0.00899134 188.239 0.0579871 0.998079 0.0218183 -71.349 0.0077129 -0.0223024 0.999722 6.59291
0.99819 -0.0587839 -0.0126812 189.078 0.0590257 0.998064 0.0196068 -71.3024 0.0115041 -0.0203198 0.999727 6.61136
0.998085 -0.0588323 -0.0190887 189.913 0.0592076 0.998051 0.0197274 -71.2563 0.0178909 -0.0208198 0.999623 6.62792
0.998036 -0.0589191 -0.0212542 190.751 0.059471 0.997882 0.026343 -71.1951 0.0196571 -0.0275553 0.999427 6.647
0.998089 -0.0593376 -0.0172222 191.592 0.0598301 0.997769 0.0296374 -71.1385 0.0154251 -0.0306112 0.999412 6.67026
0.998085 -0.0601537 -0.0144061 192.429 0.060605 0.997608 0.0332592 -71.0829 0.012371 -0.0340686 0.999343 6.69409
0.998101 -0.0604892 -0.0116439 193.265 0.0608764 0.997481 0.0364076 -71.0265 0.00941229 -0.0370473 0.999269 6.71214
0.998068 -0.0609666 -0.0119983 194.096 0.0614045 0.997298 0.0403341 -70.9654 0.00950684 -0.0409929 0.999114 6.72952
0.998006 -0.0615367 -0.0140803 194.921 0.06204 0.997325 0.0386487 -70.9088 0.0116643 -0.0394452 0.999154 6.74742
0.99785 -0.0623887 -0.0200707 195.733 0.0631603 0.997184 0.0404267 -70.8498 0.017492 -0.0416074 0.998981 6.76184
0.99775 -0.0635815 -0.0212677 196.545 0.0644227 0.997058 0.0415284 -70.7886 0.0185647 -0.0428051 0.998911 6.77452
0.997913 -0.060755 -0.0218702 197.256 0.0616246 0.997234 0.0415699 -70.7448 0.0192841 -0.0428309 0.998896 6.78515
0.998079 -0.0577322 -0.022465 197.962 0.0586294 0.997414 0.0415671 -70.7019 0.0200072 -0.0428044 0.998883 6.79568
0.998236 -0.0547081 -0.02306 198.669 0.0556327 0.997586 0.0415681 -70.6589 0.0207302 -0.0427777 0.99887 6.80622
0.998383 -0.0516841 -0.0236548 199.375 0.0526362 0.997748 0.0415729 -70.6159 0.0214528 -0.0427507 0.998856 6.81675
0.998521 -0.0486598 -0.0242494 200.081 0.0496395 0.997901 0.0415813 -70.573 0.0221752 -0.0427235 0.998841 6.82728
0.998649 -0.0456342 -0.0248441 200.787 0.0466415 0.998045 0.0415935 -70.53 0.0228974 -0.0426961 0.998826 6.83781
0.998768 -0.0426082 -0.0254387 201.493 0.043643 0.99818 0.0416094 -70.487 0.0236195 -0.0426684 0.99881 6.84835
0.998877 -0.0395817 -0.0260332 202.2 0.0406441 0.998306 0.0416291 -70.4439 0.0243413 -0.0426405 0.998794 6.85888
0.998977 -0.0365547 -0.0266275 202.906 0.0376448 0.998423 0.0416525 -70.4009 0.0250629 -0.0426123 0.998777 6.86941
0.999067 -0.0335273 -0.0272217 203.612 0.034645 0.99853 0.0416796 -70.3579 0.0257843 -0.0425839 0.99876 6.87994
0.999148 -0.0304996 -0.0278158 204.318 0.0316451 0.998629 0.0417105 -70.3149 0.0265054 -0.0425552 0.998743 6.89047
0.999219 -0.0274722 -0.0284095 205.025 0.0286454 0.998718 0.0417451 -70.2719 0.0272262 -0.0425263 0.998724 6.901
0.99928 -0.0244445 -0.029003 205.731 0.0256455 0.998798 0.0417834 -70.2289 0.0279467 -0.0424972 0.998706 6.91152
0.999333 -0.0214165 -0.0295963 206.437 0.0226453 0.998868 0.0418255 -70.1858 0.028667 -0.0424678 0.998687 6.92205
0.999375 -0.018389 -0.0301891 207.143 0.0196456 0.99893 0.0418712 -70.1428 0.0293869 -0.0424382 0.998667 6.93257
0.999408 -0.015362 -0.0307816 207.848 0.0166468 0.998982 0.0419207 -70.0998 0.0301063 -0.0424083 0.998647 6.94309
0.99951 -0.00842726 -0.0301436 208.504 0.00968368 0.99908 0.0417812 -70.0797 0.0297638 -0.0420526 0.998672 6.9584
0.999697 -0.00263348 -0.0244873 209.153 0.00357369 0.999255 0.0384293 -70.0757 0.0243679 -0.0385051 0.998961 6.97831
0.999839 0.0031092 -0.0176897 209.8 -0.00255006 0.999499 0.0315415 -70.0843 0.0177789 -0.0314913 0.999346 7.00292
0.999816 0.0122857 -0.0147128 211.073 -0.0119075 0.999604 0.0255198 -70.1027 0.0150205 -0.02534 0.999566 7.04264
0.99981 0.013427 -0.0141441 211.71 -0.0130204 0.99951 0.028457 -70.1061 0.0145193 -0.0282674 0.999495 7.05734
0.999825 0.0135017 -0.0129796 212.353 -0.0131241 0.999501 0.0287435 -70.1124 0.0133612 -0.0285681 0.999503 7.06799
0.999873 0.0123978 -0.0100316 213.004 -0.0121027 0.999507 0.0289668 -70.1167 0.0103858 -0.0288417 0.99953 7.08072
0.999897 0.0124834 -0.00708144 213.661 -0.0122634 0.999466 0.0302993 -70.1166 0.00745589 -0.0302093 0.999516 7.09071
0.999862 0.0126145 -0.0108361 214.312 -0.0121873 0.99918 0.0386246 -70.104 0.0113144 -0.0384872 0.999195 7.09978
0.999733 0.0120552 -0.0197265 214.962 -0.011181 0.998976 0.0438382 -70.0936 0.0202347 -0.0436059 0.998844 7.10914
0.999548 0.0101396 -0.0282891 215.615 -0.00892017 0.99904 0.0429041 -70.0921 0.028697 -0.0426324 0.998679 7.12126
0.99939 0.00668046 -0.0342758 216.276 -0.00543057 0.999322 0.0364268 -70.0994 0.0344959 -0.0362184 0.998748 7.13315
0.999583 0.00265388 -0.0287685 216.95 -0.00158524 0.99931 0.0371056 -70.0941 0.0288471 -0.0370445 0.998897 7.14442
0.999851 -0.00147847 -0.0171958 217.635 0.00225456 0.998976 0.0451981 -70.0713 0.0171114 -0.0452302 0.99883 7.16569
0.999914 -0.0102554 0.00817818 219.022 0.0099589 0.99932 0.0355104 -70.0583 -0.0085368 -0.0354259 0.999336 7.19985
0.999892 -0.0133776 0.00608402 219.705 0.0131761 0.9994 0.03205 -70.0484 -0.00650913 -0.0319664 0.999468 7.20239
0.999878 -0.0155804 0.00119382 220.376 0.0155258 0.999199 0.0368877 -70.027 -0.0017676 -0.0368647 0.999319 7.21177
0.999776 -0.0195275 -0.00815419 221.029 0.0198041 0.99918 0.0353289 -70.0323 0.0074576 -0.0354824 0.999343 7.23396
