0.999993 -0.00335252 -0.00145896 0.683856 0.00334875 0.999991 -0.00257563 -0.00131603 0.00146758 0.00257073 0.999996 0.0106979
0.99997 -0.00721732 -0.00295369 1.38556 0.00721318 0.999973 -0.00140957 0.0106507 0.00296378 0.00138823 0.999995 0.0158587
0.999926 -0.0113306 -0.00435303 2.10641 0.0113258 0.999935 -0.00110665 0.0181288 0.00436528 0.00105727 0.99999 0.0194029
0.999859 -0.0160148 -0.00499939 2.84856 0.0160175 0.999872 0.00051048 0.0418937 0.00499057 -0.000590486 0.999987 0.0221195
0.999778 -0.0204481 -0.0050562 3.59264 0.0204458 0.999791 -0.000503594 0.0591613 0.00506544 0.000400104 0.999987 0.0293756
0.999666 -0.0251415 -0.00592745 4.34735 0.0251455 0.999684 0.000605937 0.0883533 0.00591034 -0.000754784 0.999982 0.0413982
0.999533 -0.0298437 -0.00655682 5.12855 0.0298689 0.999547 0.00378329 0.121439 0.00644094 -0.00397737 0.999971 0.0537197
0.999245 -0.0387261 -0.00298127 6.73011 0.0387429 0.999232 0.00580848 0.194917 0.00275404 -0.0059196 0.999979 0.0669107
0.999103 -0.0423431 -0.000681894 7.53994 0.0423456 0.999094 0.00419096 0.226982 0.000503819 -0.00421607 0.999991 0.0735269
0.998987 -0.0450036 -0.00066552 8.35057 0.0450061 0.998977 0.00443042 0.271116 0.000465455 -0.00445588 0.99999 0.0821619
0.99889 -0.0470845 -0.00126648 9.17906 0.0470896 0.998881 0.00430269 0.314823 0.00106247 -0.00435755 0.99999 0.0835671
0.998803 -0.0488914 -0.00136085 10.0107 0.0488945 0.998801 0.00231589 0.354894 0.00124599 -0.00237965 0.999996 0.0959666
0.998699 -0.0509959 -0.000665056 10.855 0.0509973 0.998696 0.00229513 0.400973 0.000547146 -0.00232606 0.999997 0.0982595
0.998633 -0.0522584 -0.000637469 11.7169 0.0522583 0.998634 -0.000178864 0.444195 0.000645945 0.000145306 1 0.106247
0.998536 -0.0540282 -0.00251168 12.5793 0.0540295 0.998539 0.000464413 0.500628 0.00248292 -0.000599438 0.999997 0.11263
0.998451 -0.0554006 -0.00519535 13.4535 0.0554105 0.998462 0.00178834 0.557654 0.00508829 -0.00207345 0.999985 0.121888
0.99834 -0.0571983 -0.00674835 14.3298 0.0572385 0.998343 0.0059201 0.617307 0.00639855 -0.00629654 0.99996 0.13266
0.998278 -0.0582628 -0.0067724 15.2088 0.058314 0.998269 0.00762639 0.673004 0.00631635 -0.00800819 0.999948 0.135557
0.998202 -0.0597029 -0.00526308 16.1239 0.0597416 0.998186 0.00751191 0.728244 0.00480504 -0.00781283 0.999958 0.143761
0.998128 -0.061022 -0.00402543 17.0206 0.0610516 0.998105 0.00770387 0.787978 0.00354769 -0.00793521 0.999962 0.156829
0.998061 -0.0621419 -0.00348307 17.931 0.0621664 0.998038 0.00741159 0.847818 0.00301567 -0.00761375 0.999966 0.171443
0.997897 -0.0646578 -0.0045635 19.7524 0.0646856 0.997886 0.00623555 0.972566 0.00415067 -0.00651763 0.99997 0.186043
0.997857 -0.0653549 -0.00308297 20.6773 0.0653765 0.997832 0.00751061 1.03042 0.00258543 -0.00769607 0.999967 0.196881
0.997845 -0.0656181 0.000127479 21.6075 0.0656139 0.9978 0.00951003 1.09989 -0.000751228 -0.00948117 0.999955 0.204614
0.997881 -0.0649577 0.00380002 22.5449 0.0649178 0.997842 0.00980935 1.16374 -0.00442902 -0.00954188 0.999945 0.206946
0.99797 -0.0633131 0.00689294 23.4793 0.0632482 0.997955 0.00926619 1.22836 -0.00746551 -0.00881141 0.999933 0.207181
0.998062 -0.0617229 0.00788175 24.435 0.0616784 0.998079 0.00577209 1.29215 -0.00822288 -0.00527477 0.999952 0.20663
0.998181 -0.0600158 0.00566856 25.376 0.0599933 0.998191 0.00406018 1.3558 -0.00590198 -0.00371272 0.999976 0.205071
0.998256 -0.059008 0.00149063 26.3363 0.0590014 0.998249 0.00413984 1.42286 -0.0017323 -0.00404467 0.99999 0.210492
0.99833 -0.0577395 -0.00162292 27.2873 0.0577475 0.998317 0.00537606 1.4822 0.00130978 -0.0054608 0.999984 0.215055
0.998375 -0.0569748 -0.00111433 28.2623 0.0569815 0.998348 0.00741946 1.53724 0.000689766 -0.0074709 0.999972 0.229522
0.998381 -0.0567858 0.00323837 29.2355 0.0567605 0.99836 0.00743597 1.5973 -0.00365532 -0.00724012 0.999967 0.232168
0.998309 -0.0576892 0.00719669 30.2177 0.0576725 0.998332 0.00250475 1.6537 -0.00732918 -0.00208546 0.999971 0.231538
0.998247 -0.0586944 0.00765716 31.1905 0.0587553 0.998241 -0.00797803 1.69863 -0.00717542 0.00841394 0.999939 0.233681
0.998181 -0.0601015 0.00478703 32.1712 0.0601525 0.998125 -0.0113387 1.75832 -0.00409658 0.0116061 0.999924 0.23822
0.998095 -0.0616867 0.00132877 33.1524 0.0616975 0.998038 -0.0107 1.82179 -0.000666111 0.0107616 0.999942 0.248953
0.997983 -0.0634751 -5.5869e-05 34.1393 0.0634729 0.997956 -0.00745218 1.89074 0.000528783 0.00743361 0.999972 0.246704
0.997928 -0.0643403 0.000917872 35.1439 0.0643446 0.99791 -0.00593967 1.95459 -0.000533794 0.00598642 0.999982 0.262056
0.99784 -0.0656087 0.0034285 36.1463 0.065621 0.997838 -0.00363569 2.0288 -0.00318256 0.00385281 0.999988 0.265115
0.997762 -0.0666876 0.00492073 37.141 0.0666946 0.997773 -0.0012784 2.10768 -0.00482451 0.00160373 0.999987 0.274307
0.997689 -0.0675687 0.00719341 38.1401 0.0675781 0.997713 -0.00108069 2.1823 -0.00710394 0.00156431 0.999974 0.271038
0.997567 -0.0685148 0.0128871 40.1498 0.0684928 0.997649 0.00214041 2.32994 -0.0130034 -0.00125253 0.999915 0.276106
0.997575 -0.0684377 0.0126891 41.1452 0.0684045 0.997653 0.00303449 2.40122 -0.012867 -0.00215914 0.999915 0.270962
0.997592 -0.0683676 0.0117 42.1374 0.068361 0.99766 0.000968512 2.47123 -0.0117389 -0.000166355 0.999931 0.270896
0.997625 -0.0682497 0.00933705 43.1329 0.0682151 0.997663 0.00397793 2.55005 -0.00958672 -0.00333156 0.999949 0.273317
0.997551 -0.0693888 0.00882338 44.1279 0.0693359 0.997574 0.0061662 2.62407 -0.00922984 -0.00553932 0.999942 0.274898
0.99746 -0.0705046 0.0101565 45.126 0.0704804 0.997509 0.00272457 2.69282 -0.0103233 -0.00200181 0.999945 0.269732
0.99739 -0.0713594 0.011037 46.1098 0.0713236 0.997447 0.00359924 2.76651 -0.0112656 -0.00280265 0.999933 0.266655
0.997392 -0.0715993 0.00915053 47.0911 0.0715744 0.997431 0.0030181 2.83915 -0.00934311 -0.00235528 0.999954 0.282336
0.997369 -0.0723485 0.00445063 48.0621 0.0723253 0.997368 0.00518039 2.92065 -0.0048137 -0.00484487 0.999977 0.276422
0.997347 -0.0727447 0.00279718 49.0369 0.0727254 0.997331 0.00645272 2.99976 -0.00325911 -0.00623217 0.999975 0.284996
0.99731 -0.0731257 0.0050752 50.0148 0.0730888 0.9973 0.00710918 3.07101 -0.00558136 -0.00671912 0.999962 0.278282
0.997279 -0.0731581 0.00904663 50.9856 0.0731278 0.997316 0.00363618 3.14428 -0.00928836 -0.00296472 0.999952 0.290572
0.997252 -0.0734197 0.00988922 51.9484 0.0733873 0.997297 0.003606 3.21594 -0.0101272 -0.00287035 0.999945 0.291508
0.997243 -0.0735867 0.00957272 52.9147 0.0735929 0.997288 -0.000300786 3.28702 -0.00952463 0.00100444 0.999954 0.296856
0.997222 -0.0739813 0.00867602 53.8803 0.074012 0.997252 -0.00327237 3.35477 -0.00841009 0.00390541 0.999957 0.305289
0.997143 -0.074945 0.00942399 54.8374 0.0749829 0.997178 -0.00374181 3.43016 -0.00911696 0.00443776 0.999949 0.30406
0.997043 -0.0757139 0.0131074 55.7938 0.0757889 0.99711 -0.00531764 3.50062 -0.0126669 0.00629532 0.9999 0.298747
0.996883 -0.0766622 0.0186264 56.7617 0.0768285 0.997009 -0.00838094 3.56523 -0.0179282 0.00978585 0.999791 0.305376
0.996777 -0.0773895 0.0211455 57.7134 0.0775616 0.99696 -0.00744451 3.64531 -0.0205051 0.00906059 0.999749 0.294851
0.996743 -0.0784509 0.018696 58.6486 0.0786136 0.996872 -0.0081293 3.73018 -0.0179998 0.00957258 0.999792 0.292274
0.996719 -0.0800585 0.0119261 59.5798 0.0801482 0.996757 -0.00724104 3.80912 -0.0113077 0.00817314 0.999903 0.290937
0.996712 -0.0807813 0.00632184 60.4981 0.0808101 0.99672 -0.00444703 3.88493 -0.00594186 0.00494328 0.99997 0.298856
0.996637 -0.0817378 0.0057395 61.4124 0.0817305 0.996653 0.00149283 3.97671 -0.00584231 -0.00101872 0.999982 0.289273
0.996561 -0.0825001 0.00768501 62.3122 0.0824646 0.996582 0.00483887 4.06068 -0.00805796 -0.00418849 0.999959 0.2954
0.996457 -0.0836131 0.00911692 63.2014 0.0835653 0.996487 0.00550111 4.14153 -0.00954486 -0.00471976 0.999943 0.30217
0.996362 -0.0847267 0.00921989 64.0759 0.0846741 0.996391 0.00594825 4.22182 -0.00969059 -0.00514592 0.99994 0.306096
0.996227 -0.086251 0.00966553 64.9266 0.0861857 0.996255 0.00697521 4.30256 -0.0102309 -0.00611586 0.999929 0.30554
0.996113 -0.0874809 0.010248 65.7703 0.0874031 0.996142 0.00780714 4.38157 -0.0108914 -0.0068811 0.999917 0.311367
0.995978 -0.0889626 0.0106573 66.5959 0.0888819 0.996011 0.00782381 4.46086 -0.0113108 -0.0068451 0.999913 0.316228
0.995853 -0.0902389 0.0115496 67.4102 0.0901399 0.99589 0.00882155 4.53846 -0.0122982 -0.00774389 0.999894 0.321104
0.99571 -0.0914949 0.0138189 68.2115 0.0913362 0.995751 0.011711 4.61526 -0.0148316 -0.0103986 0.999836 0.323991
0.995534 -0.092803 0.0173261 69.0098 0.0925695 0.99561 0.0138253 4.69587 -0.018533 -0.0121597 0.999754 0.316245
0.99533 -0.0945343 0.0195069 69.7857 0.0942625 0.995443 0.0144167 4.77735 -0.0207809 -0.0125106 0.999706 0.312166
0.995243 -0.0959718 0.0167829 70.54 0.095733 0.995301 0.0144977 4.8581 -0.0180954 -0.012822 0.999754 0.326245
0.995224 -0.0971273 0.00979651 71.2667 0.0969833 0.995184 0.0142359 4.93464 -0.011132 -0.0132178 0.999851 0.323439
0.995137 -0.0984272 0.00381792 71.9747 0.0983651 0.995052 0.014001 5.00916 -0.0051771 -0.0135573 0.999895 0.328559
0.995101 -0.0988521 0.00171648 72.666 0.0988086 0.99496 0.01709 5.08085 -0.00339721 -0.0168367 0.999852 0.325511
0.995018 -0.0996005 0.0043868 73.3569 0.099489 0.994821 0.0208248 5.15812 -0.00643824 -0.0202846 0.999774 0.32913
0.994871 -0.100929 0.00673709 74.0125 0.100786 0.994727 0.0190033 5.23623 -0.00861955 -0.0182268 0.999797 0.333498
0.994809 -0.101652 0.00468191 74.6461 0.101564 0.994698 0.0161499 5.29381 -0.00629875 -0.0155905 0.999859 0.342509
0.994828 -0.101574 0.000635624 75.2622 0.101565 0.994794 0.00837243 5.34708 -0.00148274 -0.00826457 0.999965 0.354722
0.994926 -0.100549 -0.00352215 75.8637 0.100563 0.994922 0.0041763 5.40751 0.00308434 -0.00450931 0.999985 0.365418
0.995211 -0.0976525 -0.00438687 76.4457 0.097681 0.995194 0.00681606 5.47264 0.00370018 -0.00721193 0.999967 0.37377
0.995613 -0.0935373 -0.00247258 77.0155 0.09356 0.995544 0.011765 5.53799 0.00136109 -0.0119448 0.999928 0.371582
0.996038 -0.0889312 0.000556995 77.5745 0.0889193 0.995975 0.0112993 5.58603 -0.00155961 -0.011205 0.999936 0.37523
0.996504 -0.0833872 0.0050402 78.1119 0.0833417 0.996483 0.00865272 5.62683 -0.005744 -0.00820241 0.99995 0.381526
0.997099 -0.0755649 0.00908576 78.6349 0.0755307 0.997135 0.00404949 5.65735 -0.00936573 -0.00335149 0.999951 0.393388
0.997817 -0.0653348 0.00962029 79.1536 0.0652755 0.997847 0.0063519 5.68905 -0.0100146 -0.00571007 0.999934 0.411314
0.998665 -0.0507947 0.00939969 79.655 0.0506932 0.998657 0.0107368 5.7225 -0.00993244 -0.010246 0.999898 0.41424
0.999409 -0.0328913 0.00998674 80.1353 0.032734 0.999344 0.0155267 5.73686 -0.0104909 -0.0151906 0.99983 0.409147
0.999877 -0.0112885 0.0108445 80.6081 0.011129 0.999831 0.0146549 5.73342 -0.0110081 -0.0145324 0.999834 0.403867
0.999816 0.0146245 0.0123895 81.0594 -0.0147718 0.99982 0.0118857 5.71218 -0.0122134 -0.0120665 0.999853 0.406851
0.996944 0.076308 0.0166975 81.9383 -0.0764897 0.997015 0.0105272 5.62815 -0.0158444 -0.0117722 0.999805 0.422001
0.993393 0.113384 0.0177568 82.3629 -0.113581 0.993474 0.0104748 5.5705 -0.0164532 -0.0124224 0.999787 0.421779
0.987801 0.154582 0.0188249 82.7751 -0.154798 0.987889 0.0106165 5.4957 -0.0169558 -0.0134011 0.999766 0.421755
0.979726 0.199408 0.0193246 83.1806 -0.199634 0.979814 0.0105312 5.4101 -0.0168345 -0.0141755 0.999758 0.420562
0.968462 0.248464 0.0186323 83.5629 -0.248705 0.968505 0.0119634 5.31189 -0.015073 -0.0162201 0.999755 0.419686
0.934488 0.355623 0.0162493 84.3048 -0.355837 0.934457 0.0129964 5.02343 -0.0105624 -0.0179271 0.999784 0.418735
0.911038 0.412021 0.0157352 84.6498 -0.412225 0.910986 0.013191 4.84851 -0.00889959 -0.018504 0.999789 0.419848
0.88296 0.46922 0.0146548 84.9783 -0.469403 0.882878 0.0136428 4.65586 -0.00653693 -0.0189251 0.9998 0.405258
0.850594 0.525665 0.0129069 85.2928 -0.525803 0.85052 0.0121382 4.42848 -0.00459694 -0.0171111 0.999843 0.412771
0.775903 0.630691 0.0142548 85.8646 -0.630836 0.775848 0.010302 3.92183 -0.00456221 -0.0169858 0.999845 0.435335
0.734174 0.678749 0.0169549 86.129 -0.678932 0.734144 0.00914947 3.6502 -0.00623712 -0.0182285 0.999814 0.433639
0.68997 0.723631 0.0172896 86.3836 -0.723812 0.689949 0.00814806 3.35518 -0.00603274 -0.0181363 0.999817 0.428466
0.644313 0.764619 0.014742 86.6065 -0.764748 0.644298 0.00639944 3.04052 -0.00460514 -0.0153972 0.999871 0.41939
0.598155 0.801303 0.011146 86.8148 -0.801371 0.598157 0.00346056 2.71207 -0.00389407 -0.011002 0.999932 0.433362
0.505444 0.862725 0.0152137 87.1925 -0.862856 0.505409 0.00638 2.05461 -0.00218494 -0.016352 0.999864 0.458086
0.460157 0.887702 0.0155353 87.3617 -0.887838 0.460085 0.00813525 1.71572 7.40942e-05 -0.0175364 0.999846 0.45439
0.417752 0.908514 0.0092839 87.5116 -0.908558 0.417703 0.00676932 1.35744 0.00227211 -0.0112629 0.999934 0.421563
0.37774 0.925911 -0.00131672 87.6307 -0.925912 0.37774 -0.000292002 0.98439 0.000227012 0.00132947 0.999999 0.42978
0.341536 0.939854 -0.00524792 87.7433 -0.939863 0.341508 -0.00547295 0.625452 -0.00335157 0.00680154 0.999971 0.456267
0.276854 0.9609 0.00476016 87.9872 -0.96091 0.276839 0.00347032 -0.112046 0.00201684 -0.00553485 0.999983 0.499197
0.248023 0.968709 0.00935126 88.0918 -0.968735 0.247947 0.00864576 -0.484163 0.00605662 -0.0112032 0.999919 0.493792
0.198089 0.980183 0.000955184 88.251 -0.980121 0.198066 0.0114901 -1.28181 0.0110733 -0.00321227 0.999934 0.481065
0.177036 0.984178 -0.00718661 88.3135 -0.98405 0.177133 0.0163911 -1.6925 0.0174047 0.00417018 0.99984 0.492287
0.157213 0.98752 -0.00941177 88.3675 -0.987273 0.157391 0.0228226 -2.10541 0.0240191 0.00570399 0.999695 0.494892
0.12374 0.992313 -0.00185572 88.497 -0.9921 0.123752 0.0205765 -3.01804 0.020648 -0.000705081 0.999787 0.512648
0.108991 0.994041 -0.00168807 88.546 -0.99389 0.109004 0.0173391 -3.47725 0.0174198 -0.000212055 0.999848 0.524875
0.096081 0.995367 -0.00358964 88.5918 -0.995256 0.0961244 0.015006 -3.9634 0.0152815 0.00213082 0.999881 0.533718
0.084637 0.996385 -0.00732332 88.6183 -0.996306 0.0847328 0.0139439 -4.46478 0.014514 0.0061161 0.999876 0.541512
0.074378 0.997176 -0.0104143 88.6502 -0.997118 0.074522 0.0141997 -4.97988 0.0149357 0.00932812 0.999845 0.554717
0.0666234 0.997705 -0.0120904 88.6787 -0.997656 0.0667999 0.0148342 -5.51266 0.0156078 0.0110738 0.999817 0.565302
0.0607038 0.99806 -0.0138148 88.7152 -0.998031 0.0609089 0.0149457 -6.05685 0.0157582 0.0128803 0.999793 0.573958
0.055182 0.998373 -0.0143609 88.7446 -0.998339 0.0554073 0.0157932 -6.61787 0.0165632 0.0134656 0.999772 0.58676
0.0491673 0.99868 -0.0148789 88.771 -0.998646 0.0494085 0.0163026 -7.21055 0.0170162 0.0140572 0.999756 0.595509
0.0447611 0.998857 -0.0167764 88.792 -0.99885 0.0450373 0.0164657 -7.80957 0.0172025 0.0160201 0.999724 0.603854
0.0418284 0.998966 -0.0178115 88.8186 -0.99898 0.0421188 0.0162522 -8.43061 0.0169856 0.0171136 0.999709 0.61969
0.0389128 0.999071 -0.0185434 88.847 -0.999106 0.039208 0.0158292 -9.07217 0.0165415 0.0179108 0.999703 0.632389
0.0363819 0.999151 -0.0193537 88.8673 -0.999207 0.0366839 0.0154843 -9.72048 0.0161811 0.018775 0.999693 0.636928
0.0353348 0.999103 -0.0233241 88.8869 -0.999249 0.0356914 0.0150516 -10.4123 0.0158705 0.0227748 0.999615 0.652279
0.0363696 0.99898 -0.0267731 88.9052 -0.99922 0.0367651 0.0144334 -11.1128 0.015403 0.0262273 0.999537 0.66533
0.0389891 0.99881 -0.0292938 88.9299 -0.999122 0.0394179 0.0142055 -11.8183 0.0153433 0.0287142 0.99947 0.680304
0.0426214 0.99864 -0.0300239 88.9593 -0.998971 0.0430638 0.0142433 -12.5396 0.0155169 0.029386 0.999448 0.692791
0.0468637 0.998411 -0.0312921 88.9987 -0.998784 0.0473161 0.0138793 -13.2881 0.0153379 0.0306036 0.999414 0.70884
0.0506047 0.998171 -0.0330745 89.0334 -0.998619 0.0510406 0.0124701 -14.0497 0.0141354 0.0323977 0.999375 0.718297
0.0546173 0.997963 -0.0329521 89.0893 -0.998427 0.0550013 0.0108585 -14.8233 0.0126488 0.0323072 0.999398 0.73433
0.0589509 0.997797 -0.0304149 89.1426 -0.998201 0.0592532 0.00913343 -15.6243 0.0109155 0.0298218 0.999496 0.743898
0.062905 0.997623 -0.0281236 89.1906 -0.997971 0.0631538 0.00804824 -16.414 0.00980522 0.0275603 0.999572 0.754983
0.0671088 0.997366 -0.0275303 89.2439 -0.997692 0.0673663 0.00853248 -17.2236 0.0103646 0.0268942 0.999585 0.77545
0.0705172 0.997181 -0.0256459 89.3112 -0.997412 0.0708477 0.0122164 -18.0253 0.013999 0.024718 0.999596 0.797309
0.0718088 0.997153 -0.0229903 89.3869 -0.997238 0.0722153 0.017369 -18.8345 0.0189798 0.0216795 0.999585 0.812317
0.0719573 0.997237 -0.0184342 89.4569 -0.997174 0.0723282 0.0203126 -19.6464 0.0215898 0.0169204 0.999624 0.830942
0.072512 0.997285 -0.0128457 89.5961 -0.997177 0.0727437 0.0186031 -21.2982 0.0194871 0.0114605 0.999744 0.873971
0.0722577 0.997286 -0.0141204 89.6607 -0.99722 0.072497 0.0172415 -22.1104 0.0182184 0.0128353 0.999752 0.895415
0.0724185 0.997299 -0.0122555 89.7301 -0.997221 0.0726171 0.0166225 -22.9317 0.0174676 0.0110177 0.999787 0.917492
0.0728954 0.997286 -0.0103625 89.79 -0.997186 0.0730624 0.0167716 -23.7521 0.0174832 0.00911079 0.999806 0.942416
0.0729046 0.997298 -0.00907038 89.8575 -0.997181 0.073052 0.0171376 -24.5759 0.0177539 0.0077954 0.999812 0.967358
0.0718778 0.997402 -0.00467686 89.9328 -0.997245 0.071951 0.018057 -25.3935 0.0183466 0.00336608 0.999826 0.992976
0.0691057 0.997606 -0.00258212 89.9999 -0.997444 0.0691411 0.0180067 -26.2121 0.0181421 0.00133115 0.999835 1.02139
0.0656254 0.997844 0.00120659 90.0675 -0.997705 0.0655959 0.0167989 -27.0212 0.0166836 -0.00230626 0.999858 1.03771
0.0608986 0.998138 0.00352875 90.1254 -0.998046 0.0608428 0.0141982 -27.8331 0.0139571 -0.00438651 0.999893 1.06344
0.0549142 0.998475 0.0057303 90.182 -0.998417 0.0548395 0.0124767 -28.6507 0.0121435 -0.00640638 0.999906 1.08478
0.0473522 0.998865 0.00514851 90.2291 -0.998806 0.047286 0.0122894 -29.4718 0.012032 -0.00572429 0.999911 1.10602
0.0382813 0.999252 0.00546144 90.2696 -0.999187 0.0382085 0.0128451 -30.2828 0.0126269 -0.00594873 0.999903 1.12616
0.0285512 0.999576 0.00573969 90.2939 -0.999511 0.0284751 0.0129311 -31.0956 0.0127622 -0.00610608 0.9999 1.14465
0.0182283 0.999822 0.00485835 90.3087 -0.999759 0.0181671 0.0123446 -31.8906 0.0122541 -0.0050822 0.999912 1.16415
0.00757068 0.999955 0.00574582 90.3236 -0.99991 0.00750673 0.0110718 -32.6847 0.0110282 -0.00582913 0.999922 1.18859
-0.00370085 0.99998 0.00514328 90.3222 -0.999941 -0.0037533 0.0102232 -33.4733 0.0102423 -0.00510515 0.999934 1.20122
-0.0148201 0.999878 0.00503739 90.3132 -0.999832 -0.0148731 0.0106795 -34.2725 0.0107531 -0.00487828 0.99993 1.22602
-0.0255101 0.999663 0.00485587 90.2962 -0.999614 -0.0255616 0.0108659 -35.0547 0.0109864 -0.00457681 0.999929 1.2491
-0.0363618 0.99933 0.00420256 90.27 -0.999267 -0.0364091 0.0117957 -35.8321 0.0119408 -0.00377057 0.999922 1.26581
-0.0562781 0.99841 0.00306865 90.1986 -0.998328 -0.0563136 0.0130539 -37.3549 0.0132059 -0.00232887 0.99991 1.30275
-0.0656461 0.997834 0.00421736 90.1537 -0.997753 -0.0656964 0.0131731 -38.1184 0.0134217 -0.00334312 0.999904 1.32235
-0.0749662 0.99718 0.00338908 90.0971 -0.997093 -0.0750052 0.0133924 -38.8701 0.0136089 -0.00237525 0.999905 1.34254
-0.0834891 0.996507 0.00166258 90.0324 -0.996424 -0.0835036 0.0128899 -39.6125 0.0129837 -0.000580464 0.999916 1.36526
-0.0908597 0.995862 0.00199068 89.9697 -0.995795 -0.0908767 0.0115931 -40.3574 0.011726 -0.000928963 0.999931 1.38378
-0.0960599 0.995375 -0.000360493 89.9 -0.995327 -0.0960516 0.00995571 -41.0749 0.00987504 0.00131515 0.99995 1.4034
-0.100124 0.994973 -0.00215979 89.8243 -0.994943 -0.100104 0.00822992 -41.7982 0.00797234 0.00297288 0.999964 1.42113
-0.102939 0.994681 -0.00373948 89.7541 -0.994665 -0.10291 0.00709073 -42.5089 0.00666818 0.00444944 0.999968 1.43631
-0.104782 0.994474 -0.00647422 89.68 -0.99448 -0.104742 0.00626418 -43.1932 0.00555144 0.00709486 0.999959 1.44994
-0.105366 0.994416 -0.0058509 89.6114 -0.994415 -0.105326 0.00667468 -43.8769 0.00602116 0.00652151 0.999961 1.4609
-0.104345 0.994519 -0.0067035 89.5383 -0.994518 -0.104294 0.0075026 -44.5444 0.00676234 0.00744961 0.999949 1.47927
-0.101287 0.994828 -0.00763131 89.4761 -0.994825 -0.10122 0.00879046 -45.1884 0.00797255 0.00848218 0.999932 1.49109
-0.0962533 0.995322 -0.008379 89.4161 -0.995318 -0.096172 0.00961188 -45.8106 0.00876109 0.00926495 0.999919 1.50557
-0.0884341 0.996056 -0.00719452 89.3555 -0.996036 -0.0883585 0.0102242 -46.4315 0.00954819 0.00807017 0.999922 1.52117
-0.077261 0.996995 -0.00568326 89.3199 -0.996963 -0.0772002 0.0102473 -47.0213 0.00977777 0.00645772 0.999931 1.53418
-0.0636381 0.99796 -0.00508045 89.2905 -0.997918 -0.0635803 0.0108146 -47.5948 0.0104695 0.00575809 0.999929 1.55105
-0.0461955 0.998918 -0.00540487 89.2702 -0.99886 -0.0461262 0.0123186 -48.1456 0.012056 0.00596777 0.99991 1.56377
-0.0254155 0.999668 -0.00423932 89.2706 -0.999566 -0.0253493 0.0150064 -48.6913 0.0148939 0.00461887 0.999878 1.57921
-0.00074327 0.999996 -0.00263146 89.2864 -0.999837 -0.000695586 0.0180392 -49.2349 0.0180373 0.00264443 0.999834 1.59618
0.0601563 0.998189 0.000241606 89.3753 -0.997986 0.0601393 0.0201538 -50.3029 0.0201028 -0.0014535 0.999797 1.62602
0.0979598 0.99519 0.000599825 89.4473 -0.995017 0.0979314 0.0187324 -50.8366 0.0185836 -0.00243186 0.999824 1.63176
0.139452 0.990229 0.000844967 89.5589 -0.99011 0.139422 0.0156139 -51.3529 0.0153436 -0.003014 0.999878 1.64253
0.184171 0.982889 0.00311738 89.6908 -0.98283 0.184122 0.0120421 -51.866 0.0112621 -0.00528167 0.999923 1.65143
0.232147 0.972654 0.00725998 89.8478 -0.972655 0.23208 0.00902501 -52.3681 0.00709332 -0.00915658 0.999933 1.67373
0.283008 0.959064 0.0101511 90.0309 -0.959108 0.282943 0.00744108 -52.8614 0.00426428 -0.0118419 0.999921 1.68893
0.336939 0.941465 0.010739 90.2417 -0.94152 0.336875 0.00738219 -53.3321 0.00333238 -0.0125983 0.999915 1.68982
0.394164 0.91901 0.00744008 90.4769 -0.919031 0.39411 0.00776313 -53.7827 0.00420219 -0.00989761 0.999942 1.70529
0.453637 0.891178 0.0038926 90.7267 -0.891155 0.453579 0.0104587 -54.2167 0.00755498 -0.00821336 0.999938 1.72361
0.512799 0.858508 -0.00115087 91.0051 -0.858418 0.512764 0.0138448 -54.6144 0.012476 -0.00611169 0.999904 1.74212
0.626493 0.779422 -0.00288249 91.6442 -0.779201 0.626396 0.0217661 -55.3416 0.0187705 -0.0113902 0.999759 1.75285
0.67914 0.733989 -0.00544939 91.9802 -0.733718 0.679061 0.0231259 -55.6631 0.0206746 -0.0117074 0.999718 1.75205
0.728176 0.685351 -0.00734675 92.3421 -0.685083 0.728129 0.0221129 -55.9684 0.0205045 -0.011069 0.999729 1.75657
0.814967 0.579507 -0.000863582 93.1299 -0.579431 0.814883 0.0150524 -56.5024 0.00942667 -0.0117668 0.999886 1.7718
0.851371 0.524542 0.00480418 93.549 -0.524559 0.851288 0.0120869 -56.7136 0.00225034 -0.0128105 0.999915 1.78989
0.882509 0.4702 0.0094954 93.9648 -0.470281 0.882462 0.00984696 -56.9127 -0.00374928 -0.0131555 0.999906 1.78763
0.928278 0.37139 0.0192014 94.8235 -0.371622 0.928327 0.0102849 -57.2247 -0.0140055 -0.0166829 0.999763 1.81492
0.943486 0.330597 0.0232403 95.2596 -0.330976 0.943523 0.0148438 -57.3402 -0.0170204 -0.0216969 0.99962 1.81724
0.955309 0.294734 0.0227347 95.7079 -0.295175 0.955247 0.0193471 -57.4617 -0.016015 -0.0251932 0.999554 1.8119
0.964364 0.263749 0.0209566 96.1657 -0.26419 0.964215 0.0222018 -57.5639 -0.014351 -0.0269471 0.999534 1.77968
0.970218 0.241444 0.0195611 96.6157 -0.241788 0.970167 0.0177105 -57.6804 -0.0147014 -0.0219126 0.999652 1.78005
0.974024 0.225625 0.0192472 97.0922 -0.22593 0.974021 0.0154649 -57.7783 -0.0152579 -0.0194117 0.999695 1.78008
0.978836 0.203525 0.0214002 98.1018 -0.20401 0.978683 0.0236466 -57.9494 -0.0161314 -0.027512 0.999491 1.77287
0.980083 0.197447 0.021246 98.6103 -0.198033 0.979726 0.0303456 -58.027 -0.0148236 -0.0339486 0.999314 1.77035
0.980697 0.194677 0.0182694 99.1412 -0.195226 0.980104 0.0358229 -58.1127 -0.010932 -0.0386981 0.999191 1.76435
0.980806 0.194353 0.0157022 99.6842 -0.194824 0.98009 0.0383042 -58.2071 -0.00794498 -0.0406282 0.999143 1.75566
0.980329 0.197018 0.0117679 100.232 -0.197315 0.979709 0.0351764 -58.316 -0.00459878 -0.0368065 0.999312 1.75183
0.979512 0.201325 0.0050404 100.793 -0.201381 0.978964 0.032782 -58.4365 0.00166545 -0.0331253 0.99945 1.75673
0.97863 0.205623 0.00142706 101.363 -0.205544 0.978006 0.0354312 -58.5564 0.0058898 -0.0349673 0.999371 1.76169
0.977691 0.210022 0.00327274 101.945 -0.209972 0.976802 0.0420677 -58.6616 0.00563833 -0.0418164 0.999109 1.76327
0.97645 0.2156 0.00793519 102.552 -0.215736 0.975408 0.0451378 -58.779 0.00199165 -0.0457867 0.998949 1.75708
0.975353 0.220326 0.011943 103.16 -0.220639 0.974419 0.0427423 -58.9114 -0.00222021 -0.0443239 0.999015 1.75713
0.974414 0.224135 0.0167408 103.785 -0.224639 0.973622 0.039969 -59.0628 -0.00734078 -0.042707 0.999061 1.75393
0.973545 0.227499 0.0213199 104.422 -0.228168 0.972903 0.0374001 -59.2102 -0.0122338 -0.0412752 0.999073 1.75224
0.972923 0.230209 0.0206109 105.059 -0.230783 0.972475 0.0321096 -59.3704 -0.0126516 -0.0359968 0.999272 1.74548
0.972815 0.230974 0.0167896 105.71 -0.231377 0.972452 0.028321 -59.5292 -0.00978565 -0.0314358 0.999458 1.73499
0.973016 0.230539 0.00958233 106.374 -0.230716 0.972662 0.0264426 -59.6854 -0.00322431 -0.0279399 0.999604 1.74374
0.973241 0.229756 0.00382987 107.035 -0.229765 0.972775 0.0302707 -59.8391 0.00322927 -0.0303406 0.999534 1.74214
0.973779 0.227494 0.000867965 107.722 -0.227392 0.97321 0.0340013 -59.9888 0.00689039 -0.0333071 0.999421 1.75704
0.974371 0.224886 0.00522769 108.421 -0.224928 0.973721 0.0357077 -60.1442 0.00293986 -0.0359684 0.999349 1.74215
0.974659 0.223366 0.0121298 109.145 -0.223653 0.974088 0.0336332 -60.3117 -0.00430296 -0.0354938 0.999361 1.74487
0.975222 0.220512 0.017781 109.866 -0.220995 0.974729 0.032635 -60.468 -0.0101352 -0.0357559 0.999309 1.74546
0.975627 0.218719 0.017699 110.598 -0.219211 0.975097 0.0336511 -60.618 -0.00989809 -0.0367108 0.999277 1.75171
0.976119 0.216741 0.0146801 111.338 -0.21716 0.975343 0.0393414 -60.7735 -0.00579127 -0.0415898 0.999118 1.74992
0.977003 0.213039 0.00891688 112.089 -0.213226 0.976152 0.0407775 -60.9325 -1.70236e-05 -0.041741 0.999128 1.74563
0.977872 0.20911 0.00628101 112.851 -0.209192 0.977038 0.0404359 -61.0996 0.00231878 -0.0408551 0.999162 1.74838
0.978692 0.205216 0.00694079 113.634 -0.205329 0.977908 0.0391808 -61.2579 0.00125306 -0.0397711 0.999208 1.74565
0.979353 0.20199 0.0082155 114.446 -0.202155 0.978715 0.0353588 -61.4238 -0.000898522 -0.0362896 0.999341 1.75254
0.979825 0.19958 0.0105483 115.245 -0.199828 0.979226 0.0344299 -61.5966 -0.00345764 -0.0358431 0.999351 1.75491
0.98008 0.198232 0.0121165 116.046 -0.198518 0.979618 0.0306524 -61.763 -0.00579325 -0.0324472 0.999457 1.75221
0.980217 0.197381 0.0146679 117.678 -0.197719 0.979884 0.0271057 -62.087 -0.00902274 -0.0294696 0.999525 1.75855
0.980173 0.197665 0.0137854 118.493 -0.198003 0.979732 0.030343 -62.2446 -0.00750819 -0.0324709 0.999444 1.76043
0.980073 0.19828 0.0119011 119.318 -0.19858 0.979463 0.0348959 -62.3939 -0.00473756 -0.0365639 0.99932 1.76097
0.979882 0.199193 0.0124008 120.157 -0.19955 0.978894 0.0441092 -62.5447 -0.00335279 -0.0456964 0.99895 1.76167
0.979323 0.201778 0.0145466 120.99 -0.202263 0.978004 0.0509786 -62.7032 -0.00394026 -0.0528667 0.998594 1.76614
0.978663 0.204795 0.0166497 121.835 -0.205404 0.977189 0.0539548 -62.8592 -0.00522023 -0.0562234 0.998405 1.75831
0.978122 0.207446 0.0156268 122.684 -0.207991 0.976682 0.0532223 -63.0357 -0.00422165 -0.0553081 0.99846 1.76228
0.977725 0.209455 0.0135316 123.519 -0.209877 0.976368 0.0515411 -63.2053 -0.00241634 -0.053233 0.998579 1.76308
0.977436 0.210869 0.0124086 124.367 -0.21122 0.976345 0.0462235 -63.3947 -0.00236796 -0.0478014 0.998854 1.76477
0.977401 0.21112 0.0107616 125.205 -0.211384 0.976578 0.0401627 -63.5878 -0.00203038 -0.0415299 0.999135 1.77542
0.977198 0.212065 0.010578 126.058 -0.212317 0.976447 0.0383877 -63.7758 -0.00218818 -0.0397583 0.999207 1.79867
0.976838 0.213548 0.0135971 126.901 -0.213931 0.976006 0.0405759 -63.9528 -0.00460591 -0.042545 0.999084 1.8012
0.976533 0.214423 0.0201497 127.749 -0.215114 0.975643 0.0429805 -64.1308 -0.0104429 -0.0463064 0.998873 1.8019
0.976085 0.216651 0.0179241 129.42 -0.217251 0.975093 0.0446791 -64.4827 -0.00779792 -0.0475046 0.998841 1.78112
0.976075 0.217423 0.00237245 130.231 -0.217332 0.975214 0.0415253 -64.6699 0.00671491 -0.0410474 0.999135 1.77385
0.97614 0.217064 -0.0058187 131.048 -0.216677 0.975454 0.0392571 -64.8522 0.0141972 -0.0370596 0.999212 1.81635
0.976389 0.215997 0.00314955 131.885 -0.215959 0.975665 0.0379465 -65.0371 0.00512342 -0.0377307 0.999275 1.82757
0.976435 0.214643 0.02243 132.74 -0.215289 0.976024 0.0320588 -65.2234 -0.015011 -0.0361323 0.999234 1.82576
0.976381 0.213094 0.0356576 133.575 -0.214058 0.976481 0.0257823 -65.4144 -0.0293249 -0.0328062 0.999031 1.81958
0.976716 0.212412 0.0301261 134.387 -0.213225 0.976631 0.0269669 -65.5817 -0.023694 -0.0327626 0.999182 1.80824
0.977591 0.210319 0.00903931 135.996 -0.210511 0.976834 0.0384638 -65.91 -0.000740271 -0.0395047 0.999219 1.79724
0.977987 0.208516 0.00788785 136.816 -0.208665 0.977309 0.036423 -66.0791 -0.000114088 -0.0372672 0.999305 1.8085
0.978522 0.205921 0.00951345 137.64 -0.20613 0.977891 0.0352139 -66.2508 -0.00205185 -0.0364186 0.999335 1.82975
0.979323 0.202133 0.00832518 138.45 -0.202301 0.978712 0.0345926 -66.4122 -0.00115565 -0.0355615 0.999367 1.8375
0.980219 0.197783 0.00722612 139.265 -0.197915 0.979571 0.0356362 -66.5643 -3.02787e-05 -0.0363614 0.999339 1.84415
0.980901 0.194359 0.00757724 140.075 -0.194506 0.980085 0.0400193 -66.7265 0.000351763 -0.0407288 0.99917 1.85782
0.98136 0.191988 0.00855781 140.882 -0.192178 0.980314 0.0453055 -66.8702 0.000308778 -0.0461057 0.998937 1.8632
0.981651 0.19037 0.0109676 141.689 -0.190679 0.980484 0.0478758 -67.0119 -0.00163943 -0.0490886 0.998793 1.86619
0.981889 0.1889 0.0145445 142.494 -0.189382 0.980783 0.0468934 -67.1698 -0.00540684 -0.0487986 0.998794 1.86434
0.982186 0.187327 0.0147759 143.291 -0.187814 0.98115 0.0454931 -67.3204 -0.00597533 -0.0474578 0.998855 1.87255
0.982654 0.185092 0.0115143 144.1 -0.185418 0.981738 0.0425599 -67.4686 -0.00342648 -0.0439566 0.999028 1.88343
0.983486 0.180838 0.00726501 144.897 -0.180984 0.982693 0.0394793 -67.6158 9.54606e-08 -0.0401422 0.999194 1.88987
0.984631 0.174547 0.00584581 145.702 -0.174643 0.98392 0.0374283 -67.7514 0.000781174 -0.037874 0.999282 1.89822
0.985772 0.167788 0.0100762 146.494 -0.168052 0.985059 0.0376466 -67.8912 -0.00360899 -0.0388042 0.99924 1.89195
0.986668 0.161805 0.017476 147.293 -0.162332 0.986121 0.0348452 -68.0195 -0.0115954 -0.0372176 0.99924 1.89259
0.987165 0.157462 0.0266748 148.104 -0.158315 0.986816 0.0336291 -68.1537 -0.0210279 -0.0374205 0.999078 1.90104
0.98854 0.14875 0.0257173 149.705 -0.149658 0.98801 0.0379402 -68.3759 -0.0197654 -0.0413542 0.998949 1.88353
0.989695 0.142269 0.0162539 150.506 -0.142775 0.989101 0.035985 -68.4735 -0.0109572 -0.0379348 0.99922 1.89058
0.990697 0.135719 0.010009 151.295 -0.135985 0.990126 0.0340339 -68.5915 -0.00529111 -0.0350783 0.999371 1.88297
0.991569 0.129154 0.0105354 152.111 -0.129458 0.990908 0.0366433 -68.6954 -0.005707 -0.0376982 0.999273 1.88154
0.992528 0.121197 0.0140999 152.93 -0.121698 0.991637 0.0429621 -68.7792 -0.00877507 -0.0443571 0.998977 1.87901
0.993456 0.113467 0.013037 153.753 -0.113961 0.992369 0.0470745 -68.8562 -0.00759615 -0.0482521 0.998806 1.88066
0.995453 0.0951169 0.00507368 155.385 -0.0952513 0.994243 0.0490722 -69.0073 -0.000376874 -0.0493324 0.998782 1.87965
0.996175 0.0870959 0.00710333 156.209 -0.087341 0.994958 0.0492915 -69.0697 -0.00277443 -0.0497234 0.998759 1.88435
0.997331 0.0704928 0.0190169 157.879 -0.0714262 0.995987 0.0539315 -69.1671 -0.0151388 -0.0551459 0.998364 1.87726
0.997804 0.062432 0.0221221 158.707 -0.0635528 0.996505 0.0542181 -69.2124 -0.0186598 -0.0555049 0.998284 1.87147
0.998155 0.0559974 0.0234751 159.538 -0.057195 0.996907 0.0539011 -69.2536 -0.0203841 -0.0551443 0.99827 1.8649
0.998725 0.0473611 0.0174923 161.185 -0.0482981 0.997164 0.0577247 -69.3213 -0.0147087 -0.0584959 0.998179 1.86641
0.998995 0.0433024 0.0116046 161.999 -0.0439435 0.997089 0.0623068 -69.3431 -0.00887281 -0.0627541 0.99799 1.86283
0.99921 0.0372028 0.0139672 163.653 -0.0380582 0.997026 0.0670142 -69.391 -0.0114326 -0.0674928 0.997654 1.85
0.999159 0.0342971 0.0224531 164.488 -0.0357781 0.996956 0.0692715 -69.4118 -0.020009 -0.0700166 0.997345 1.83166
0.999281 0.0260774 0.0275342 166.136 -0.027778 0.997608 0.0633029 -69.4603 -0.0258175 -0.0640222 0.997614 1.80926
0.999607 0.0213423 0.0181877 166.956 -0.022291 0.99831 0.053663 -69.4897 -0.0170117 -0.0540473 0.998393 1.81004
0.999808 0.0146589 0.0130089 167.774 -0.0153157 0.998534 0.0519115 -69.5048 -0.0122288 -0.0521007 0.998567 1.80546
0.999876 0.00765681 0.0137344 168.604 -0.0084344 0.998311 0.0574825 -69.4997 -0.0132711 -0.0575912 0.998252 1.79868
0.999715 -0.00755925 0.0226302 170.278 0.00639401 0.998672 0.0511271 -69.4932 -0.0229866 -0.0509679 0.998436 1.7822
0.999575 -0.0136574 0.0257561 171.11 0.0125447 0.999002 0.0428789 -69.4903 -0.026316 -0.0425376 0.998748 1.75457
0.999472 -0.0195353 0.0259556 171.947 0.0185621 0.999135 0.0372222 -69.4803 -0.0266603 -0.0367207 0.99897 1.75492
0.999459 -0.0258241 0.0203852 172.789 0.0252022 0.999226 0.0301954 -69.4672 -0.0211492 -0.0296653 0.999336 1.76447
0.999405 -0.0327515 0.0108546 173.607 0.0325254 0.999263 0.0203924 -69.4418 -0.0115145 -0.0200272 0.999733 1.74741
0.999209 -0.039199 0.00674711 174.444 0.0390814 0.999095 0.0167581 -69.4324 -0.00739791 -0.0164812 0.999837 1.74141
0.998402 -0.0510546 0.024242 176.147 0.0502334 0.99818 0.0333551 -69.3298 -0.0259008 -0.032084 0.99915 1.71116
0.997922 -0.0558218 0.0321678 176.99 0.0546256 0.997823 0.0369373 -69.2644 -0.0341597 -0.0351034 0.9988 1.70125
0.997774 -0.0591937 0.0307238 177.833 0.0582105 0.997792 0.0319646 -69.2077 -0.032548 -0.030105 0.999017 1.68831
0.997874 -0.0615562 0.0214038 178.687 0.0608418 0.997616 0.0325671 -69.1533 -0.0233575 -0.0311957 0.99924 1.69787
0.99788 -0.0640479 0.0115396 179.519 0.0635262 0.997138 0.040993 -69.0729 -0.0141321 -0.040173 0.999093 1.68787
0.997785 -0.066124 0.0072736 180.366 0.065757 0.996928 0.0425476 -69.0086 -0.0100647 -0.041975 0.999068 1.66793
0.997601 -0.0682777 0.0114339 181.225 0.0677771 0.996915 0.0395796 -68.9525 -0.0141011 -0.0387097 0.999151 1.65168
0.9973 -0.0690881 0.0249059 182.935 0.0680346 0.996844 0.0409186 -68.8337 -0.0276543 -0.0391137 0.998852 1.62166
0.997201 -0.0703952 0.0251875 183.784 0.0694037 0.996854 0.038284 -68.7713 -0.0278032 -0.0364287 0.998949 1.61716
0.997238 -0.0721256 0.0177287 184.637 0.0715609 0.996965 0.0306534 -68.706 -0.0198858 -0.0293001 0.999373 1.60944
0.997229 -0.0740559 0.00700576 185.466 0.0738814 0.997012 0.0225452 -68.6627 -0.00865444 -0.0219652 0.999721 1.60605
0.997119 -0.0758013 0.00289863 186.326 0.0757446 0.996995 0.0162564 -68.6087 -0.00412218 -0.01599 0.999864 1.59917
0.99701 -0.0769815 0.00671526 187.179 0.0768057 0.996772 0.0233736 -68.5311 -0.00849292 -0.0227879 0.999704 1.59901
0.996803 -0.078345 0.0156613 188.039 0.0778538 0.996518 0.0298417 -68.4595 -0.0179447 -0.028527 0.999432 1.58592
0.996616 -0.0797137 0.0200359 188.908 0.079143 0.996475 0.0278248 -68.3809 -0.0221833 -0.026145 0.999412 1.59089
0.996603 -0.080502 0.0173807 189.742 0.0800413 0.996459 0.025749 -68.3089 -0.019392 -0.0242704 0.999517 1.59103
0.996715 -0.0801285 0.0117795 190.578 0.0798076 0.996482 0.0255729 -68.2348 -0.0137872 -0.0245488 0.999604 1.59417
0.996692 -0.0806424 0.010102 191.415 0.0802388 0.996145 0.0354571 -68.1517 -0.0129224 -0.0345293 0.99932 1.57828
0.996643 -0.0809272 0.0124027 192.247 0.0803902 0.996002 0.0389659 -68.0798 -0.0155065 -0.037838 0.999164 1.57243
0.99653 -0.0818525 0.0150968 193.086 0.0811044 0.995696 0.0448576 -67.9945 -0.0187035 -0.0434775 0.998879 1.56553
0.996476 -0.0820324 0.0174834 193.91 0.0810941 0.995505 0.0489237 -67.9258 -0.0214181 -0.0473335 0.998649 1.55426
0.99642 -0.0827096 0.0175063 194.742 0.0817802 0.995473 0.0484302 -67.843 -0.0214327 -0.0468251 0.998673 1.54828
0.996435 -0.0831334 0.0143429 195.568 0.0823877 0.995516 0.0464779 -67.7767 -0.0181425 -0.0451305 0.998816 1.55202
0.996415 -0.084094 0.00922254 196.382 0.0835625 0.995357 0.0477742 -67.7013 -0.0131972 -0.0468323 0.998816 1.55232
0.9963 -0.0854109 0.00958346 197.197 0.0848073 0.995057 0.0516705 -67.6244 -0.0139493 -0.0506666 0.998618 1.55239
0.996004 -0.0875536 0.0176466 198.005 0.0864998 0.994811 0.0535629 -67.5471 -0.0222446 -0.0518224 0.998409 1.5298
0.995642 -0.0892335 0.0270896 198.795 0.0878256 0.994913 0.0493434 -67.48 -0.0313548 -0.0467493 0.998414 1.52555
0.995538 -0.0897826 0.0290461 199.553 0.088566 0.995236 0.0407634 -67.4247 -0.0325676 -0.038009 0.998747 1.50766
0.995638 -0.0902282 0.0237638 200.311 0.0892726 0.995259 0.038601 -67.3598 -0.0271341 -0.0363112 0.998972 1.5164
0.995813 -0.0895096 0.0185713 201.033 0.0887535 0.995322 0.0381754 -67.2887 -0.0219014 -0.0363673 0.999098 1.50515
0.995974 -0.0886375 0.0134027 201.759 0.0880631 0.995364 0.038658 -67.2152 -0.0167671 -0.0373221 0.999163 1.51037
0.996104 -0.0877008 0.0092852 202.458 0.0873316 0.995577 0.0346319 -67.1464 -0.0122814 -0.033686 0.999357 1.50143
0.996363 -0.0850179 0.0058026 203.136 0.0847901 0.995882 0.0320809 -67.0838 -0.00850616 -0.0314722 0.999468 1.51546
0.996746 -0.0804342 0.00521312 203.804 0.0802376 0.996302 0.0307358 -67.0273 -0.00766605 -0.0302175 0.999514 1.52826
0.99712 -0.0751522 0.0102223 204.473 0.0747743 0.996643 0.033353 -66.9593 -0.0126946 -0.0324925 0.999391 1.53805
0.997443 -0.0688866 0.0190376 205.136 0.0681596 0.997006 0.0365136 -66.9023 -0.0214959 -0.0351226 0.999152 1.53363
0.997732 -0.0633379 0.0228017 205.814 0.0623624 0.997202 0.0412162 -66.8452 -0.0253485 -0.0397007 0.99889 1.52417
0.998154 -0.0570502 0.0208129 206.457 0.0561548 0.997566 0.0413317 -66.798 -0.0231202 -0.0400867 0.998929 1.50207
0.998668 -0.0499078 0.0130966 207.1 0.0493497 0.997982 0.0399503 -66.765 -0.0150641 -0.0392508 0.999116 1.49079
0.99909 -0.0423928 0.00462806 207.746 0.0421773 0.998327 0.039542 -66.7428 -0.00629661 -0.0393108 0.999207 1.49992
0.999376 -0.0353204 0.000541013 208.394 0.035264 0.998444 0.0431983 -66.7081 -0.00206595 -0.0431523 0.999066 1.50924
0.999609 -0.0278674 0.00207079 209.044 0.027747 0.998614 0.0447309 -66.6868 -0.00331446 -0.044656 0.998997 1.51066
0.999723 -0.0220876 0.00808109 209.691 0.0217334 0.998899 0.041565 -66.6734 -0.00899026 -0.0413779 0.999103 1.51727
0.999781 -0.0158392 0.0137037 210.344 0.0153339 0.999226 0.0362221 -66.6795 -0.0142669 -0.036004 0.99925 1.51275
0.999844 -0.00660195 0.0163755 211.619 0.00610572 0.999526 0.0301705 -66.6831 -0.0165669 -0.0300658 0.999411 1.51621
0.999828 -0.00576934 0.017632 212.268 0.00518748 0.999446 0.0328699 -66.6761 -0.0178119 -0.0327727 0.999304 1.50507
0.999788 -0.00600097 0.0197031 212.924 0.00532638 0.999404 0.0341136 -66.6729 -0.0198961 -0.0340014 0.999224 1.49729
0.999716 -0.0069135 0.0227881 213.574 0.00615647 0.999432 0.0331249 -66.6595 -0.0230042 -0.0329752 0.999191 1.49554
0.999698 -0.00668566 0.0236324 214.225 0.00582105 0.999318 0.0364671 -66.6541 -0.0238601 -0.0363185 0.999055 1.47094
0.999805 -0.00713122 0.0184275 214.877 0.00629417 0.998963 0.0450896 -66.636 -0.01873 -0.0449648 0.998813 1.46087
0.999921 -0.00804256 0.00966148 215.526 0.00756105 0.998776 0.0488814 -66.6226 -0.0100428 -0.0488044 0.998758 1.44863
0.999949 -0.0100113 0.00126439 216.175 0.00994322 0.99891 0.0456085 -66.6181 -0.00171961 -0.0455936 0.998959 1.44922
0.999905 -0.0136075 -0.00205534 216.846 0.0136766 0.999164 0.0385357 -66.6237 0.00152924 -0.0385601 0.999255 1.46329
0.999834 -0.0177643 0.00408172 217.531 0.0175711 0.998908 0.0432951 -66.6084 -0.00484637 -0.0432162 0.999054 1.47283
0.999641 -0.0220245 0.0152286 218.211 0.0212477 0.998552 0.0494196 -66.5641 -0.016295 -0.0490783 0.998662 1.45042
0.998793 -0.0306635 0.0383627 219.602 0.0292247 0.998868 0.0375208 -66.5342 -0.0394698 -0.0363544 0.998559 1.42641
